-5.566798400878906250e+01 1.117391395568847656e+01
-4.060811996459960938e+01 1.375585079193115234e+00
-3.223932647705078125e+01 2.674319267272949219e+01
4.192761230468750000e+01 -3.069016265869140625e+01
4.746115684509277344e+00 2.847075843811035156e+01
3.179124355316162109e+00 1.653091812133789062e+01
-2.252198028564453125e+01 3.899309921264648438e+01
5.497622680664062500e+01 3.602090477943420410e-02
2.552583122253417969e+01 -3.626033020019531250e+01
-2.750692558288574219e+01 -1.933166122436523438e+01
3.365069198608398438e+01 -3.467919921875000000e+01
3.724192810058593750e+01 -6.679362297058105469e+00
-1.916455268859863281e+01 9.955445289611816406e+00
-1.334559345245361328e+01 -5.803270339965820312e+01
-3.498951339721679688e+01 -1.078172206878662109e+01
-5.691906452178955078e+00 5.450492477416992188e+01
-1.210526752471923828e+01 2.318847465515136719e+01
-1.112151813507080078e+01 2.396360969543457031e+01
3.499474716186523438e+01 -1.496925258636474609e+01
-3.273026657104492188e+01 2.215287017822265625e+01
-5.471512222290039062e+01 1.082430458068847656e+01
-8.328796386718750000e+00 1.114479827880859375e+01
4.901560592651367188e+01 -9.848599433898925781e+00
4.068214797973632812e+01 -3.384235382080078125e+01
-1.886410522460937500e+01 -5.448068237304687500e+01
3.863403320312500000e+01 3.323122024536132812e+01
-1.170515823364257812e+01 -2.155743026733398438e+01
-9.240688323974609375e+00 2.247403335571289062e+01
3.586930465698242188e+01 2.592699813842773438e+01
-2.253105926513671875e+01 4.331401824951171875e+01
5.275351715087890625e+01 -2.522658538818359375e+01
-2.599460983276367188e+01 -5.587290954589843750e+01
-8.920392036437988281e+00 6.255249023437500000e+00
-1.641744232177734375e+01 -4.126049041748046875e+01
1.317868995666503906e+01 4.381568908691406250e+01
1.672984123229980469e+01 -3.328145217895507812e+01
3.722233581542968750e+01 1.082015395164489746e+00
2.129081535339355469e+01 4.035412311553955078e+00
2.060214996337890625e+01 5.140038013458251953e+00
1.829110908508300781e+01 -1.534564113616943359e+01
-1.696739387512207031e+01 1.477466583251953125e+00
2.733363723754882812e+01 -3.271310043334960938e+01
-1.159808731079101562e+01 -1.524517059326171875e+00
-3.373127222061157227e+00 4.863283157348632812e+01
-8.864557266235351562e+00 3.112051010131835938e+01
-1.895469474792480469e+01 -4.024971771240234375e+01
2.065373420715332031e+01 -1.247483062744140625e+01
4.595596694946289062e+01 -1.617306518554687500e+01
2.105897903442382812e+01 9.564881324768066406e+00
3.246098327636718750e+01 3.211869430541992188e+01
2.154723930358886719e+01 2.289846611022949219e+01
3.948131561279296875e+00 3.660850906372070312e+01
1.542449188232421875e+01 -1.448848056793212891e+01
-4.214582824707031250e+01 -3.528641128540039062e+01
9.651957154273986816e-01 -4.612268447875976562e+00
6.155678939819335938e+01 -2.589168310165405273e+00
2.158413696289062500e+01 1.311006927490234375e+01
-1.169210910797119141e+01 2.277351951599121094e+01
3.136123657226562500e+00 2.740468978881835938e+01
-2.109745597839355469e+01 -2.676927185058593750e+01
-3.602912521362304688e+01 -5.044561004638671875e+01
6.222718811035156250e+01 3.677042722702026367e+00
-1.152720642089843750e+01 -4.671255111694335938e+01
-5.952095031738281250e+00 4.136795425415039062e+01
4.225488185882568359e+00 2.122241020202636719e+00
-9.991277694702148438e+00 -7.787563800811767578e+00
4.065518188476562500e+01 -1.861009979248046875e+01
-3.006288766860961914e+00 5.723429489135742188e+01
-8.112360000610351562e+00 4.073404312133789062e+01
3.407963037490844727e+00 5.945090866088867188e+01
-2.158190727233886719e+01 -6.536654663085937500e+01
-7.060374736785888672e+00 -4.978364467620849609e+00
-5.035941600799560547e+00 5.916627120971679688e+01
2.649798774719238281e+01 1.950295066833496094e+01
3.422366333007812500e+01 -3.300222015380859375e+01
6.916314697265625000e+01 -9.344653487205505371e-01
-3.595823669433593750e+01 -5.811443328857421875e+01
-5.721576690673828125e+01 -4.871351718902587891e+00
3.869089126586914062e+01 -4.131608486175537109e+00
3.938299560546875000e+01 4.070015335083007812e+01
-1.224263858795166016e+01 -4.430327987670898438e+01
2.331201171875000000e+01 -3.047390556335449219e+01
-3.772789764404296875e+01 -4.085253906250000000e+01
1.703060340881347656e+01 2.324709129333496094e+01
-2.010252571105957031e+01 -5.715353012084960938e+01
3.590357589721679688e+01 -4.039840316772460938e+01
2.198224544525146484e+00 -3.726425933837890625e+01
4.829320526123046875e+01 -2.720246315002441406e+01
-4.507097244262695312e+01 -1.597553825378417969e+01
-3.275096130371093750e+01 -1.411079049110412598e+00
-4.029139709472656250e+01 4.788796424865722656e+00
3.408208084106445312e+01 -4.185523986816406250e+01
-1.297134208679199219e+01 1.666397666931152344e+01
3.327031326293945312e+01 2.656777191162109375e+01
-1.957078552246093750e+01 -5.184365844726562500e+01
1.199411582946777344e+01 -3.481056213378906250e+01
-5.889739513397216797e+00 6.313703918457031250e+01
-1.341796207427978516e+01 8.925102949142456055e-01
-2.381698608398437500e+01 -2.340837097167968750e+01
-6.047528457641601562e+01 9.525730133056640625e+00
-2.163739204406738281e+01 4.269541549682617188e+01
2.881303787231445312e+01 2.363697433471679688e+01
2.176792907714843750e+01 1.667681503295898438e+01
1.797326850891113281e+01 -1.781390190124511719e+01
6.652453422546386719e+00 2.167148590087890625e+01
-3.189764022827148438e+01 2.188965606689453125e+01
3.404393005371093750e+01 -4.063931274414062500e+01
4.688769912719726562e+01 -1.782980728149414062e+01
4.307780456542968750e+01 -2.471303749084472656e+01
-4.581143558025360107e-01 -4.297958755493164062e+01
-2.154700088500976562e+01 3.023716926574707031e+01
3.774921417236328125e+01 -2.827285766601562500e+01
-2.319759559631347656e+01 5.661471176147460938e+01
1.507676696777343750e+01 4.513163757324218750e+01
9.247937202453613281e-01 2.925080299377441406e+00
-2.743286132812500000e+01 3.142313957214355469e+01
-5.181842422485351562e+01 -1.431944608688354492e+00
-5.379601287841796875e+01 -1.550873947143554688e+01
-1.414873981475830078e+01 -2.757553482055664062e+01
-2.233517074584960938e+01 4.779826736450195312e+01
1.757008934020996094e+01 -1.935675811767578125e+01
2.358246994018554688e+01 3.018600082397460938e+01
-1.182462692260742188e+01 5.484249496459960938e+01
-4.393213748931884766e+00 3.053348159790039062e+01
-2.018123435974121094e+01 -5.753296661376953125e+01
-1.827107429504394531e+01 3.286311721801757812e+01
-2.490686225891113281e+01 4.719176101684570312e+01
-3.335615158081054688e+01 2.741315460205078125e+01
-1.267315292358398438e+01 5.362256240844726562e+01
5.369089508056640625e+01 -2.645884704589843750e+01
1.703586387634277344e+01 4.576393508911132812e+01
2.176800155639648438e+01 5.420730590820312500e+00
6.132437515258789062e+01 -1.680355072021484375e+00
3.322239303588867188e+01 2.594268798828125000e+00
-1.808325004577636719e+01 1.415241241455078125e+01
6.668058395385742188e+00 -4.072764587402343750e+01
-4.952431106567382812e+01 -1.613740730285644531e+01
-3.332355499267578125e+01 -5.457373428344726562e+01
3.698073196411132812e+01 3.562719345092773438e+00
-1.685889816284179688e+01 -1.111589241027832031e+01
2.112270116806030273e+00 4.383400726318359375e+01
4.111777877807617188e+01 2.190722227096557617e+00
2.891282844543457031e+01 -4.181997680664062500e+01
-6.137261581420898438e+01 -3.180924057960510254e-01
2.849176168441772461e+00 6.059468841552734375e+01
-3.788303756713867188e+01 6.986010551452636719e+00
-1.761373138427734375e+01 -1.994470787048339844e+01
-2.179199409484863281e+01 -5.752270507812500000e+01
-2.266216659545898438e+01 5.175634384155273438e+01
2.204028701782226562e+01 1.282837009429931641e+01
-5.708058929443359375e+01 8.277103424072265625e+00
6.406339263916015625e+01 -1.001792430877685547e+01
-4.274434280395507812e+01 -4.272219848632812500e+01
5.594532489776611328e+00 1.534650087356567383e+00
5.947517776489257812e+01 -1.684857749938964844e+01
-3.523429489135742188e+01 -4.754985809326171875e+01
-1.180354404449462891e+01 -4.515030288696289062e+01
2.848948001861572266e+00 -3.854251480102539062e+01
3.589196014404296875e+01 9.780740737915039062e-01
1.667648124694824219e+01 -1.817939567565917969e+01
-2.995185089111328125e+01 2.806588172912597656e+01
-2.918318557739257812e+01 4.497515487670898438e+01
-5.095820617675781250e+01 1.280111217498779297e+01
5.315144729614257812e+01 2.963740348815917969e+01
-1.069310379028320312e+01 4.502336502075195312e+01
-2.257441711425781250e+01 5.783179855346679688e+01
-3.555048751831054688e+01 -5.782416152954101562e+01
-2.421380805969238281e+01 3.010939788818359375e+01
-1.468225383758544922e+01 -2.819854736328125000e+01
1.776930427551269531e+01 -1.619957542419433594e+01
1.877585029602050781e+01 -3.858788681030273438e+01
3.663656616210937500e+01 -4.121605682373046875e+01
6.602022647857666016e-01 5.759635925292968750e+01
1.119289493560791016e+01 3.954584884643554688e+01
6.046673202514648438e+01 7.275923728942871094e+00
5.037865638732910156e+00 4.009519958496093750e+01
-5.319035720825195312e+01 -1.350753211975097656e+01
9.417358636856079102e-01 -3.907852935791015625e+01
-2.632417678833007812e-01 -6.723471164703369141e+00
-3.652120590209960938e+01 -4.584919738769531250e+01
-3.890893554687500000e+01 1.896025061607360840e+00
-6.594271850585937500e+01 1.127289104461669922e+01
4.751252746582031250e+01 -3.473702621459960938e+01
3.389632034301757812e+01 -3.826714324951171875e+01
-1.546572685241699219e+01 -1.768676757812500000e+01
-4.836651229858398438e+01 9.867859840393066406e+00
3.428047561645507812e+01 -3.327268600463867188e+01
1.752013778686523438e+01 5.118864440917968750e+01
3.911140823364257812e+01 4.039844036102294922e+00
-2.393885421752929688e+01 -2.628059196472167969e+01
3.406554031372070312e+01 -3.590668869018554688e+01
-4.354442596435546875e+01 -1.715673828125000000e+01
-3.248614120483398438e+01 2.549795532226562500e+01
4.052734756469726562e+01 -3.658833265304565430e+00
-2.110448837280273438e+01 5.946531677246093750e+01
2.413657951354980469e+01 2.537034988403320312e+01
2.404312324523925781e+01 -4.044749832153320312e+01
3.997039413452148438e+01 3.550298309326171875e+01
-1.395709037780761719e+01 -1.421352577209472656e+01
-1.180904865264892578e+01 5.621664047241210938e+01
2.040748786926269531e+01 7.674730300903320312e+00
-2.607957077026367188e+01 5.134220123291015625e+01
-1.775538635253906250e+01 9.084862709045410156e+00
-1.105332756042480469e+01 4.626032638549804688e+01
1.263273906707763672e+01 -1.337992095947265625e+01
5.311818695068359375e+01 -1.004179096221923828e+01
4.573772811889648438e+01 -7.244356632232666016e+00
-2.705569648742675781e+01 -4.593330001831054688e+01
-3.954737472534179688e+01 5.217749595642089844e+00
-5.189891815185546875e+01 -5.997182369232177734e+00
-4.018596267700195312e+01 1.107391528785228729e-02
-3.684001922607421875e+01 -4.638146591186523438e+01
2.512290000915527344e+01 -2.832352256774902344e+01
-1.382880401611328125e+01 7.632477879524230957e-01
4.129890060424804688e+01 -1.841265678405761719e+01
-3.153854942321777344e+01 -2.171739006042480469e+01
1.290983295440673828e+01 -1.796353340148925781e+01
1.105524635314941406e+01 3.212062835693359375e+01
5.780669021606445312e+01 -1.209464263916015625e+01
1.699096298217773438e+01 -3.487877655029296875e+01
-1.621346282958984375e+01 -4.037508487701416016e+00
2.531752586364746094e+01 -3.785420989990234375e+01
-4.238179206848144531e+00 3.358358764648437500e+01
3.600728607177734375e+01 -6.411074161529541016e+00
6.463103771209716797e+00 -3.609969711303710938e+01
3.254432296752929688e+01 2.391645431518554688e+01
-1.489806079864501953e+01 -5.945619583129882812e+01
3.839341640472412109e+00 2.606968307495117188e+01
-6.920019149780273438e+00 2.758719253540039062e+01
-2.596599769592285156e+01 -6.961592674255371094e+00
5.858162689208984375e+01 4.728806018829345703e+00
-2.810278129577636719e+01 3.325804519653320312e+01
3.206404113769531250e+01 -3.231127548217773438e+01
-3.309491729736328125e+01 1.033930873870849609e+01
-3.811433792114257812e+01 1.196369743347167969e+01
1.977834820747375488e+00 2.795055007934570312e+01
6.050766754150390625e+01 -1.718107986450195312e+01
-2.057339286804199219e+01 -6.110681915283203125e+01
-3.102695465087890625e+01 3.701333761215209961e+00
3.642671203613281250e+01 9.935101270675659180e-01
-3.205209255218505859e+00 5.057466506958007812e+01
1.940747451782226562e+01 1.798599815368652344e+01
-1.744812965393066406e+01 9.601101279258728027e-01
7.292920589447021484e+00 -4.333626556396484375e+01
-2.272001457214355469e+01 -5.994939041137695312e+01
-3.728976821899414062e+01 -4.703374862670898438e+01
-4.728098678588867188e+01 7.743845939636230469e+00
5.952191925048828125e+01 -6.135214805603027344e+00
-2.877873992919921875e+01 -4.840201187133789062e+01
-3.162534141540527344e+01 2.396906471252441406e+01
2.551673698425292969e+01 2.137672805786132812e+01
5.457296371459960938e+01 -3.383657693862915039e+00
-2.746080589294433594e+01 -2.696113395690917969e+01
3.993706130981445312e+01 -3.192583656311035156e+01
2.645870018005371094e+01 -3.515811920166015625e+01
-5.533088684082031250e+00 3.064756011962890625e+01
-9.076448440551757812e+00 -6.171376109123229980e-01
-5.601390457153320312e+01 1.762377929687500000e+01
-4.043428421020507812e+01 3.339371204376220703e+00
3.632625198364257812e+01 -1.068388366699218750e+01
4.769473648071289062e+01 -2.203784561157226562e+01
3.217437744140625000e+00 1.267452120780944824e+00
3.629179763793945312e+01 -4.111178207397460938e+01
-3.058338546752929688e+01 7.159585952758789062e+00
-6.016003131866455078e+00 6.252585983276367188e+01
-1.001797437667846680e+00 -4.511938095092773438e+01
-1.151803970336914062e+01 2.955169486999511719e+01
-2.848593139648437500e+01 7.196293354034423828e+00
-2.872439002990722656e+01 -4.270027923583984375e+01
-1.080665588378906250e+01 1.355556488037109375e+00
5.067922973632812500e+01 -6.587951183319091797e+00
7.231476306915283203e+00 4.188111114501953125e+01
-1.767139053344726562e+01 -4.088307189941406250e+01
-3.355341339111328125e+01 2.523600959777832031e+01
-2.453336334228515625e+01 5.561993408203125000e+01
5.263635635375976562e+01 -2.570851135253906250e+01
4.045613479614257812e+01 2.347649812698364258e+00
-4.031769561767578125e+01 3.898744344711303711e+00
4.532065200805664062e+01 2.892777633666992188e+01
1.306157779693603516e+01 -1.675124549865722656e+01
4.105869293212890625e+00 2.499372863769531250e+01
1.387442970275878906e+01 -4.812612915039062500e+01
-8.298601150512695312e+00 -3.397508859634399414e+00
2.976511001586914062e+01 -2.617620849609375000e+01
1.279551625251770020e+00 1.468536949157714844e+01
-6.497870445251464844e+00 5.679659271240234375e+01
4.337105178833007812e+01 -2.501615142822265625e+01
-1.707017898559570312e+01 -1.670032978057861328e+00
-2.810013771057128906e+01 5.587358474731445312e+01
6.256336593627929688e+01 -3.744951725006103516e+00
-3.359805679321289062e+01 -1.441704511642456055e+00
-2.727979087829589844e+01 5.292798995971679688e+01
6.362453460693359375e+01 -1.241311454772949219e+01
-1.400641059875488281e+01 3.052276992797851562e+01
4.023023128509521484e+00 4.485562896728515625e+01
-2.157182693481445312e+01 4.064051628112792969e+00
-1.880070877075195312e+01 6.658111095428466797e+00
-1.453876209259033203e+01 6.169020843505859375e+01
5.545496368408203125e+01 -2.077938556671142578e+00
4.791226577758789062e+01 -5.500384807586669922e+00
-4.636665725708007812e+01 -1.423009395599365234e+01
6.017850112915039062e+01 1.262319946289062500e+01
-2.698109626770019531e+01 -5.609869384765625000e+01
-2.490239906311035156e+01 -5.932328033447265625e+01
-2.263950824737548828e+00 1.847462463378906250e+01
-2.917646169662475586e-01 4.774842453002929688e+01
1.016388607025146484e+01 -3.878361511230468750e+01
-1.276763725280761719e+01 3.190468788146972656e+01
-8.695908546447753906e+00 5.911092758178710938e+01
2.312688446044921875e+01 -2.755658721923828125e+01
-1.999304771423339844e+01 5.611212539672851562e+01
-2.059234428405761719e+01 1.641198539733886719e+01
3.176605939865112305e+00 5.558409881591796875e+01
-3.207876443862915039e+00 1.085102272033691406e+01
5.528336715698242188e+01 -2.623645401000976562e+01
-1.827536964416503906e+01 6.108310699462890625e+01
1.899267005920410156e+01 -3.584475326538085938e+01
-3.155068778991699219e+01 6.903713345527648926e-01
4.497390747070312500e+01 -3.131411552429199219e+01
5.875746917724609375e+01 -4.358472347259521484e+00
5.980956649780273438e+01 1.207921886444091797e+01
-3.034439086914062500e+01 3.585303306579589844e+00
4.559158325195312500e+00 5.077912521362304688e+01
1.180443859100341797e+01 -3.666093826293945312e+01
4.777864933013916016e+00 5.986088180541992188e+01
2.872844505310058594e+01 -4.241696548461914062e+01
6.568347930908203125e+01 1.519645750522613525e-01
-6.499826049804687500e+01 1.113766098022460938e+01
6.535711669921875000e+01 -4.784806251525878906e+00
3.005495452880859375e+01 -1.208081436157226562e+01
3.930988311767578125e+01 6.196785449981689453e+00
3.001417160034179688e+01 -2.551534271240234375e+01
-2.398810195922851562e+01 -4.613842773437500000e+01
-1.642758750915527344e+01 -4.523313903808593750e+01
3.102149581909179688e+01 -2.858931922912597656e+01
-6.084437942504882812e+01 9.795129776000976562e+00
3.120673942565917969e+01 2.104308319091796875e+01
-2.619113349914550781e+01 -5.697170257568359375e+00
5.259664916992187500e+01 3.135009574890136719e+01
-2.395576286315917969e+01 -7.259649276733398438e+00
4.011573410034179688e+01 3.870357131958007812e+01
-8.948507308959960938e+00 3.525831604003906250e+01
-1.562723827362060547e+01 -1.159012699127197266e+01
-3.823505020141601562e+01 3.199353933334350586e+00
2.618616485595703125e+01 -1.726019477844238281e+01
4.483329391479492188e+01 3.475504684448242188e+01
-4.954879379272460938e+01 5.740746498107910156e+00
-3.238365936279296875e+01 -4.859350204467773438e+01
-6.453820800781250000e+01 1.627483749389648438e+01
-4.934842681884765625e+01 1.193897247314453125e+01
-4.617998301982879639e-01 2.357794761657714844e+01
3.554848861694335938e+01 -4.062470245361328125e+01
-4.749032592773437500e+01 -1.453403186798095703e+01
-9.350649833679199219e+00 -1.508387184143066406e+01
-2.173449897766113281e+01 5.466272735595703125e+01
-4.650743103027343750e+01 -5.656123638153076172e+00
-2.957114410400390625e+01 -2.350142860412597656e+01
9.852493286132812500e+00 -4.297114562988281250e+01
-5.560911941528320312e+01 1.681082725524902344e+01
-2.047246170043945312e+01 5.213764667510986328e+00
-2.392701530456542969e+01 -6.262238693237304688e+01
4.131175994873046875e+01 -3.007393264770507812e+01
4.851424789428710938e+01 -3.102136254310607910e-01
-1.211964130401611328e+01 2.838289022445678711e+00
1.870923614501953125e+01 1.956166839599609375e+01
2.934100723266601562e+01 -3.120878219604492188e+01
1.521449089050292969e+01 6.699084281921386719e+00
1.467087841033935547e+01 4.393611907958984375e+01
4.546013259887695312e+01 -3.952922821044921875e+00
6.323601150512695312e+01 -9.562117576599121094e+00
-8.709118843078613281e+00 4.276321029663085938e+01
3.309404373168945312e+01 -7.462720870971679688e+00
-1.719350624084472656e+01 -6.003149795532226562e+01
-2.267467117309570312e+01 3.372274398803710938e+01
-2.802949714660644531e+01 -4.073413467407226562e+01
-1.584134578704833984e+01 1.198966598510742188e+01
-2.229378890991210938e+01 -2.506875419616699219e+01
-1.674545860290527344e+01 -4.946707153320312500e+01
1.107954883575439453e+01 3.238897323608398438e+01
-2.128944778442382812e+01 5.046539306640625000e+01
-1.845238113403320312e+01 2.441973686218261719e+01
-3.244305801391601562e+01 2.310617065429687500e+01
-6.705289483070373535e-01 1.115767860412597656e+01
1.058087444305419922e+01 -4.751554107666015625e+01
4.289155578613281250e+01 -2.924634742736816406e+01
-1.788468933105468750e+01 3.737922286987304688e+01
-3.874795532226562500e+01 2.195738792419433594e+01
-3.511470031738281250e+01 -1.332301235198974609e+01
5.699988937377929688e+01 5.667259693145751953e+00
-6.416725921630859375e+01 3.181821346282958984e+00
5.614007949829101562e+00 2.934968376159667969e+01
2.256291580200195312e+01 3.126708793640136719e+01
-1.059401035308837891e+00 -6.463535308837890625e+00
5.796028971672058105e-01 1.284406566619873047e+01
-5.023490905761718750e+01 6.940135955810546875e+00
-5.311460113525390625e+01 -1.542049598693847656e+01
1.790894317626953125e+01 4.109958267211914062e+01
-4.421612167358398438e+01 -4.161255264282226562e+01
-2.234134435653686523e+00 5.628384017944335938e+01
-1.902952003479003906e+01 3.180609893798828125e+01
-2.000324821472167969e+01 -3.681177794933319092e-01
2.412060737609863281e+01 2.962161636352539062e+01
6.047843933105468750e+00 1.889318466186523438e+01
6.793534088134765625e+01 -2.071053266525268555e+00
-4.205900192260742188e+01 -3.526482391357421875e+01
-2.091259384155273438e+01 -2.668838500976562500e+01
4.266201019287109375e+01 2.985664367675781250e+01
2.647249984741210938e+01 2.735771179199218750e+01
-5.896570587158203125e+01 1.712120437622070312e+01
-1.984707450866699219e+01 5.738955974578857422e+00
8.978096961975097656e+00 3.927364349365234375e+01
-1.062219715118408203e+01 2.234531211853027344e+01
3.069999313354492188e+01 -1.046269226074218750e+01
1.001505470275878906e+01 -1.714737892150878906e+01
-2.427247047424316406e+01 -4.222698593139648438e+01
-5.042021560668945312e+01 3.553759813308715820e+00
4.163939666748046875e+01 -3.251956558227539062e+01
4.156174850463867188e+01 -1.891378593444824219e+01
2.082818412780761719e+01 6.885359287261962891e+00
-2.420205497741699219e+01 -6.168315505981445312e+01
-2.285068321228027344e+01 -4.724335098266601562e+01
3.953224563598632812e+01 3.978125381469726562e+01
-4.762161254882812500e+01 1.060088443756103516e+01
-2.483989334106445312e+01 -2.166267776489257812e+01
-1.385097122192382812e+01 -4.307519531250000000e+01
-2.589796829223632812e+01 3.279964447021484375e+01
-1.051720428466796875e+01 4.117007064819335938e+01
-3.284070205688476562e+01 2.207474899291992188e+01
3.297061538696289062e+01 -3.482273101806640625e+01
-1.684074783325195312e+01 3.862011718750000000e+01
-3.089807128906250000e+01 -4.804136276245117188e+01
-3.090960502624511719e+01 -4.121488571166992188e+01
-5.798012161254882812e+01 7.249197006225585938e+00
3.629159927368164062e+01 3.864534759521484375e+01
7.516459941864013672e+00 3.275252914428710938e+01
2.192483520507812500e+01 1.670006370544433594e+01
-2.723293876647949219e+01 -1.823772668838500977e+00
5.080890655517578125e+01 -1.730941390991210938e+01
-1.644234657287597656e+01 5.926017379760742188e+01
3.921027374267578125e+01 -2.979302787780761719e+01
-2.607710266113281250e+01 -1.963792228698730469e+01
9.344205856323242188e+00 -1.307675457000732422e+01
-1.367301177978515625e+01 5.432733154296875000e+01
5.571553230285644531e+00 -1.165869712829589844e+01
4.656742858886718750e+01 -9.921232223510742188e+00
5.830219745635986328e+00 -1.210597610473632812e+01
4.969755935668945312e+01 -2.146831893920898438e+01
1.869482994079589844e+01 1.559288120269775391e+01
2.611025428771972656e+01 -3.182995414733886719e+01
3.709985017776489258e+00 3.572075653076171875e+01
-3.289272308349609375e+01 -1.253049468994140625e+01
-2.624905967712402344e+01 3.250933074951171875e+01
-5.674279403686523438e+01 1.974370956420898438e+01
3.054514503479003906e+01 -9.420684814453125000e+00
4.386214447021484375e+01 3.025427627563476562e+01
-2.987514436244964600e-01 6.041815567016601562e+01
4.932035064697265625e+01 -2.307756423950195312e+01
1.728915405273437500e+01 -3.691793823242187500e+01
3.362854766845703125e+01 -8.860583305358886719e+00
3.377308273315429688e+01 -3.418965530395507812e+01
1.614023208618164062e+01 -4.683999633789062500e+01
4.465637588500976562e+01 -1.217159509658813477e+00
-1.572335338592529297e+01 -5.792448806762695312e+01
-9.182621002197265625e+00 8.551074862480163574e-01
6.235303115844726562e+01 7.271326065063476562e+00
3.856781005859375000e+01 3.709739685058593750e+01
-3.076849746704101562e+01 4.195184409618377686e-01
-1.274009704589843750e+01 3.300166368484497070e+00
-1.040884399414062500e+01 2.383613348007202148e+00
-2.884571456909179688e+01 1.673163795471191406e+01
-3.340261840820312500e+01 2.564426231384277344e+01
4.220805358886718750e+01 3.609307098388671875e+01
-1.381196689605712891e+01 4.792995452880859375e+01
3.611792755126953125e+01 3.491317749023437500e+01
3.705347824096679688e+01 3.898877716064453125e+01
-2.054787063598632812e+01 -4.727745819091796875e+01
1.468379592895507812e+01 -1.229378795623779297e+01
2.996700286865234375e+01 -3.345461654663085938e+01
6.294082260131835938e+01 3.249895811080932617e+00
-3.121860742568969727e+00 5.692939376831054688e+01
2.716345548629760742e+00 -4.370621490478515625e+01
-2.760575103759765625e+01 -5.255716705322265625e+01
6.590894222259521484e+00 -3.358698272705078125e+01
8.490316271781921387e-01 2.996207618713378906e+01
3.230176925659179688e+00 1.251010322570800781e+01
-4.423080062866210938e+01 1.827384376525878906e+01
-2.576775550842285156e+01 -5.907122039794921875e+01
-1.178666782379150391e+01 2.451757621765136719e+01
3.608668899536132812e+01 4.177658081054687500e+01
1.327758789062500000e+01 -4.050605392456054688e+01
9.583477973937988281e-01 5.772031402587890625e+01
7.079778671264648438e+00 3.880551910400390625e+01
5.016098403930664062e+01 -2.812912559509277344e+01
-2.904701805114746094e+01 -5.555054855346679688e+01
2.177255249023437500e+01 6.774633884429931641e+00
9.814484715461730957e-01 -4.174287414550781250e+01
-2.979208755493164062e+01 -4.937203884124755859e+00
-3.657033920288085938e+01 -9.619690895080566406e+00
-3.690378189086914062e+00 -3.852260589599609375e+00
-4.418112182617187500e+01 1.979529190063476562e+01
-2.716028976440429688e+01 -5.384579086303710938e+01
-1.269159317016601562e+01 -6.513561606407165527e-01
6.157224655151367188e+01 2.535144805908203125e+00
-1.133681201934814453e+01 1.193975734710693359e+01
4.659912490844726562e+01 7.305729866027832031e+00
-2.817103576660156250e+01 3.732160186767578125e+01
-3.497464752197265625e+01 -4.977904510498046875e+01
-5.532709503173828125e+01 -1.617715358734130859e+00
-1.842640495300292969e+01 6.079737854003906250e+01
-5.969567108154296875e+01 -1.379888176918029785e+00
2.049569606781005859e+00 -4.674435043334960938e+01
-3.818029403686523438e+01 -3.931393051147460938e+01
-3.348941802978515625e+00 6.129541397094726562e+01
-2.776736068725585938e+01 -1.798046112060546875e+01
-2.818747138977050781e+01 -2.058449554443359375e+01
-1.062627124786376953e+01 4.114566802978515625e+01
7.556238174438476562e+00 1.228914642333984375e+01
2.321753311157226562e+01 1.477616691589355469e+01
-2.033634757995605469e+01 4.939529299736022949e-01
1.721002388000488281e+01 -4.275184631347656250e+01
6.538427734375000000e+01 1.919938802719116211e+00
2.006019401550292969e+01 -4.697579574584960938e+01
4.926860809326171875e+00 5.983053970336914062e+01
2.811440277099609375e+01 -2.836093139648437500e+01
-1.393238353729248047e+01 -5.726121520996093750e+01
-4.959589385986328125e+01 7.887095928192138672e+00
-1.973724746704101562e+01 5.529598999023437500e+01
3.766595077514648438e+01 4.041255187988281250e+01
4.936078071594238281e+00 -3.599030685424804688e+01
3.823535156250000000e+01 3.856284713745117188e+01
4.167465972900390625e+01 -1.960467147827148438e+01
1.700292396545410156e+01 -3.444234466552734375e+01
2.216416549682617188e+01 -4.129255676269531250e+01
3.214494705200195312e+01 3.839300537109375000e+01
2.418346214294433594e+01 1.271320915222167969e+01
-2.255426406860351562e+01 -1.967980575561523438e+01
5.695140838623046875e+01 5.741452217102050781e+00
4.608910751342773438e+01 -1.799304723739624023e+00
3.439773559570312500e+01 3.520944976806640625e+01
-5.672925472259521484e+00 6.203167343139648438e+01
4.837210845947265625e+01 -1.981738090515136719e+01
-1.757876396179199219e+01 -5.579700469970703125e+01
3.350913619995117188e+01 2.466396331787109375e+01
2.978344726562500000e+01 2.408187294006347656e+01
6.202622985839843750e+01 -3.564608335494995117e+00
3.154327201843261719e+01 3.711281204223632812e+01
5.180067062377929688e+01 -5.358240604400634766e+00
3.570656967163085938e+01 8.267188072204589844e-01
-3.124620437622070312e+00 9.828376770019531250e-02
7.359571933746337891e+00 1.333618736267089844e+01
-2.875710105895996094e+01 9.242757797241210938e+00
4.203885650634765625e+01 -1.978896903991699219e+01
3.068523025512695312e+01 -3.004465675354003906e+01
1.571825265884399414e+00 -4.368128204345703125e+01
5.292778778076171875e+01 6.426205158233642578e+00
-3.143848800659179688e+01 -2.132480859756469727e+00
-5.331613922119140625e+01 2.210717916488647461e+00
2.012335968017578125e+01 -3.616570663452148438e+01
6.403823852539062500e+01 1.954923272132873535e+00
-1.029657721519470215e+00 -4.531645584106445312e+01
-2.348252868652343750e+01 3.937165069580078125e+01
4.388426971435546875e+01 3.315344619750976562e+01
3.837151336669921875e+01 2.869561910629272461e+00
-3.188819313049316406e+01 1.653452682495117188e+01
-4.460550689697265625e+01 -1.553370571136474609e+01
3.312159347534179688e+01 -2.100495910644531250e+01
-1.436638450622558594e+01 -4.265703964233398438e+01
-1.987929153442382812e+01 -6.474584960937500000e+01
-2.247968673706054688e+01 4.946431350708007812e+01
-2.946767234802246094e+01 -5.729792404174804688e+01
-1.746660804748535156e+01 6.659344673156738281e+00
4.059747695922851562e+01 2.320411920547485352e+00
-1.648519897460937500e+01 -4.358057785034179688e+01
1.984333038330078125e+01 9.904736518859863281e+00
-2.787241554260253906e+01 5.557379722595214844e+00
-2.067230796813964844e+01 4.050443172454833984e+00
3.950183868408203125e+01 -3.465793228149414062e+01
-2.503358268737792969e+01 -5.201427459716796875e+01
1.232118034362792969e+01 -2.834806442260742188e+01
4.469838142395019531e+00 3.817147445678710938e+01
-2.965703010559082031e+00 1.373243331909179688e+01
2.895615577697753906e+01 -2.878497886657714844e+01
4.961408615112304688e+00 3.068843603134155273e+00
-2.377982711791992188e+01 3.477275848388671875e+01
1.502034854888916016e+01 4.766488265991210938e+01
1.240578460693359375e+01 4.116212081909179688e+01
-1.858959007263183594e+01 5.316754150390625000e+01
1.859087371826171875e+01 -3.139842224121093750e+01
2.051996231079101562e+01 5.014879703521728516e+00
5.495603680610656738e-01 1.030976104736328125e+01
-3.010337829589843750e+01 -2.275106430053710938e+01
-1.670012712478637695e+00 2.463602721691131592e-01
-3.259289932250976562e+01 1.194610595703125000e+01
-5.693816757202148438e+01 2.557901144027709961e+00
4.360977172851562500e+01 -1.423411178588867188e+01
-5.913610839843750000e+01 7.032096385955810547e+00
-1.728237342834472656e+01 4.100242996215820312e+01
-1.820651626586914062e+01 -4.743667602539062500e+01
3.813176631927490234e+00 3.736926317214965820e+00
-4.911518478393554688e+01 1.081917953491210938e+01
3.166373252868652344e+01 -4.022571182250976562e+01
-5.490999603271484375e+01 -3.654878616333007812e+00
-2.080280494689941406e+01 -1.848723983764648438e+01
2.529206657409667969e+01 2.442456054687500000e+01
1.797669792175292969e+01 -3.603542709350585938e+01
-1.618610382080078125e+01 5.653605937957763672e+00
4.036134243011474609e+00 2.531348419189453125e+01
1.838888549804687500e+01 1.516649723052978516e+01
5.408251571655273438e+01 -8.395012855529785156e+00
4.224563598632812500e+01 -1.399465203285217285e+00
-1.777791213989257812e+01 2.093069267272949219e+01
-1.241495800018310547e+01 1.471114063262939453e+01
-2.342074155807495117e+00 3.030584335327148438e+01
-3.202116012573242188e+01 -6.680206298828125000e+00
-4.064095687866210938e+01 -4.115184402465820312e+01
2.479948997497558594e+01 1.593147563934326172e+01
1.753433609008789062e+01 2.293478393554687500e+01
-3.847506332397460938e+01 -3.846027374267578125e+01
-2.234897804260253906e+01 2.899839591979980469e+01
-5.084557342529296875e+01 -1.366576099395751953e+01
4.251636123657226562e+01 -2.986967277526855469e+01
-2.055767822265625000e+01 -6.038848495483398438e+01
4.550189971923828125e+01 -2.748450088500976562e+01
2.841134262084960938e+01 -2.494649696350097656e+01
-3.068197059631347656e+01 -9.385686874389648438e+00
4.123389434814453125e+01 2.721360397338867188e+01
5.624890804290771484e+00 1.999337196350097656e+01
6.131187438964843750e+01 9.992110252380371094e+00
4.370263290405273438e+01 3.798786544799804688e+01
-3.010920333862304688e+01 -4.537656021118164062e+01
-6.453593730926513672e+00 -2.005738019943237305e+00
3.516131210327148438e+01 2.674296951293945312e+01
1.700754547119140625e+01 4.634286880493164062e+01
1.833230018615722656e+01 -3.316418457031250000e+01
-2.238700866699218750e+01 -4.938631820678710938e+01
-2.313208389282226562e+01 -6.422644805908203125e+01
1.055154991149902344e+01 -3.035199356079101562e+01
-1.813144111633300781e+01 1.257846117019653320e+00
8.946857452392578125e+00 -1.503437995910644531e+01
-7.343766212463378906e+00 1.172364711761474609e+01
-5.211075210571289062e+01 1.080054187774658203e+01
-1.786483383178710938e+01 -3.042864036560058594e+01
-2.845002555847167969e+01 -4.086629486083984375e+01
-6.704362487792968750e+01 1.201283454895019531e+01
-4.184865188598632812e+01 2.301581859588623047e+00
-1.798143768310546875e+01 1.438277530670166016e+01
-1.101265048980712891e+01 -1.526505661010742188e+01
1.985095405578613281e+01 3.805167913436889648e+00
1.858370780944824219e+01 5.084879302978515625e+01
-6.974960327148437500e+00 -9.024009704589843750e+00
-1.183160686492919922e+01 5.952775192260742188e+01
3.387193298339843750e+01 -8.300457000732421875e+00
3.971973419189453125e+01 3.023545265197753906e+01
2.414287376403808594e+01 2.679511260986328125e+01
4.399995422363281250e+01 -3.295221328735351562e+01
6.312807083129882812e+01 -4.937255859375000000e+00
-2.160693550109863281e+01 -2.134913921356201172e+00
-1.955478096008300781e+01 -4.159366130828857422e+00
3.492554664611816406e+00 -4.147069168090820312e+01
2.402490234375000000e+01 -1.913592910766601562e+01
-6.255916213989257812e+01 1.038945674896240234e+01
1.765782237052917480e+00 3.507741165161132812e+01
2.531522369384765625e+01 2.483970832824707031e+01
5.497742843627929688e+01 9.937945365905761719e+00
5.995324325561523438e+01 1.131574344635009766e+01
-6.135517954826354980e-01 -4.285088729858398438e+01
-1.944987678527832031e+01 4.065885162353515625e+01
5.647356796264648438e+01 5.912738323211669922e+00
-3.251265287399291992e+00 3.903526687622070312e+01
5.571937942504882812e+01 1.254762458801269531e+01
3.107208061218261719e+01 -4.341053009033203125e+01
1.317525577545166016e+01 -1.141994190216064453e+01
6.580132293701171875e+01 4.904895722866058350e-01
-1.933914566040039062e+01 5.914909362792968750e+01
-9.337683677673339844e+00 7.215589880943298340e-01
1.881861495971679688e+01 -4.279999542236328125e+01
3.888639450073242188e+01 -3.324490547180175781e+00
-3.663232040405273438e+01 -1.794719505310058594e+01
3.910216903686523438e+01 -6.438349723815917969e+00
6.251043701171875000e+01 9.055956840515136719e+00
5.772585678100585938e+01 5.616985797882080078e+00
-6.613481140136718750e+01 1.100588226318359375e+01
4.574028849601745605e-01 4.076428604125976562e+01
4.397722721099853516e+00 5.058828735351562500e+01
2.090100860595703125e+01 1.202048873901367188e+01
-6.353448867797851562e+00 3.166851425170898438e+01
-2.045245170593261719e+01 -2.087765693664550781e+00
-1.253937911987304688e+01 5.813324737548828125e+01
-1.476380920410156250e+01 1.089217281341552734e+01
5.876700210571289062e+01 9.276983261108398438e+00
-3.077579307556152344e+01 1.126232337951660156e+01
-1.230529785156250000e+00 5.447363281250000000e+01
-2.203322029113769531e+01 -1.523672676086425781e+01
-1.834991836547851562e+01 -2.038053989410400391e+00
1.649966812133789062e+01 5.221226501464843750e+01
2.625092029571533203e+00 -8.571398854255676270e-01
4.101235198974609375e+01 9.686468124389648438e+00
-2.357677459716796875e+01 3.752395248413085938e+01
-1.174249553680419922e+01 4.361995697021484375e+01
-1.026211833953857422e+01 1.383417415618896484e+01
-4.603555202484130859e-01 1.665996170043945312e+01
-2.493958663940429688e+01 -4.338666534423828125e+01
-2.012368583679199219e+01 5.111536407470703125e+01
4.815530014038085938e+01 -1.955241394042968750e+01
2.693488883972167969e+01 -3.881509017944335938e+01
-4.912319564819335938e+01 1.202312374114990234e+01
-1.123518586158752441e+00 1.270165252685546875e+01
-1.029274559020996094e+01 2.896557807922363281e+01
-6.426316261291503906e+00 1.261397552490234375e+01
2.290041160583496094e+01 -1.770647621154785156e+01
9.905468940734863281e+00 3.034727859497070312e+01
-1.104485702514648438e+01 5.492201614379882812e+01
-1.665804624557495117e+00 -6.509917736053466797e+00
-2.428688049316406250e+01 -4.844371414184570312e+01
-6.454924774169921875e+01 1.621114158630371094e+01
1.296098613739013672e+01 -1.985230636596679688e+01
-3.025073242187500000e+01 -4.817499923706054688e+01
3.375769805908203125e+01 -4.063764953613281250e+01
-2.945683670043945312e+01 9.553695678710937500e+00
1.464227318763732910e+00 9.252954483032226562e+00
-6.290578079223632812e+01 5.405517101287841797e+00
-2.756572341918945312e+01 1.197645473480224609e+01
3.347786712646484375e+01 -1.335208892822265625e+01
4.303871154785156250e+01 -3.660490417480468750e+01
1.161217212677001953e+01 5.180164718627929688e+01
-3.690505599975585938e+01 3.159988641738891602e+00
3.219805526733398438e+01 -4.169050598144531250e+01
5.908455276489257812e+01 1.345664691925048828e+01
-1.396641540527343750e+01 4.047061538696289062e+01
4.157646179199218750e+01 -3.494918060302734375e+01
4.288840103149414062e+01 -7.174577713012695312e+00
-3.137443161010742188e+01 -1.789939552545547485e-01
-4.373195266723632812e+01 1.176678085327148438e+01
4.116210556030273438e+01 -4.160760879516601562e+00
2.164482498168945312e+01 -3.555469894409179688e+01
-1.271489238739013672e+01 5.918708324432373047e+00
-1.097970199584960938e+01 1.401624679565429688e+01
-1.730866622924804688e+01 -6.394671916961669922e+00
1.223204708099365234e+01 -1.626335906982421875e+01
-3.030637359619140625e+01 -6.708192348480224609e+00
-5.075942993164062500e+01 1.361416053771972656e+01
3.425437164306640625e+01 -1.242983245849609375e+01
-2.579280471801757812e+01 3.046758270263671875e+01
5.232306957244873047e+00 2.435866737365722656e+01
-1.253214740753173828e+01 -2.334341621398925781e+01
2.625052833557128906e+01 -3.463198852539062500e+01
-5.922438812255859375e+01 -3.000175476074218750e+00
-3.512967681884765625e+01 -1.030081462860107422e+01
-4.556087875366210938e+01 1.795472908020019531e+01
2.231605529785156250e+01 -3.557316589355468750e+01
6.184972763061523438e+01 -7.054994583129882812e+00
-2.510603332519531250e+01 -4.497370529174804688e+01
-1.211579704284667969e+01 4.321398162841796875e+01
4.508189260959625244e-01 -5.380935072898864746e-01
-3.925465774536132812e+01 5.064669132232666016e+00
1.142996311187744141e+01 5.150484085083007812e+01
2.643080520629882812e+01 2.935626220703125000e+01
-8.091699600219726562e+00 -9.024444580078125000e+00
3.889033317565917969e+00 9.865852355957031250e+00
-5.219241142272949219e+00 8.357747077941894531e+00
-6.636664581298828125e+01 1.511991691589355469e+01
1.960154151916503906e+01 1.390729999542236328e+01
2.938269424438476562e+01 -1.072002410888671875e+01
-2.011124420166015625e+01 4.211748123168945312e+01
2.414721107482910156e+01 -3.699124145507812500e+01
-1.939790153503417969e+01 -5.816617965698242188e+01
3.683612823486328125e+01 2.500767230987548828e+00
2.991839599609375000e+01 -1.735503578186035156e+01
-2.199705696105957031e+01 -1.547943401336669922e+01
-1.870969200134277344e+01 -5.539130401611328125e+01
-3.157436752319335938e+01 7.288549423217773438e+00
6.870493316650390625e+01 1.093871951103210449e+00
-3.275746345520019531e+00 3.714220046997070312e+01
4.238714599609375000e+01 -3.178517341613769531e+01
-1.417590427398681641e+01 -2.043561172485351562e+01
2.221005201339721680e+00 4.389912414550781250e+01
5.878403854370117188e+01 -1.561475658416748047e+01
-3.181494903564453125e+01 2.731419754028320312e+01
-2.734000778198242188e+01 5.328958892822265625e+01
-2.587956619262695312e+01 -1.012202644348144531e+01
-7.784605503082275391e+00 6.503911590576171875e+01
1.169449996948242188e+01 -2.312635993957519531e+01
2.382952928543090820e+00 3.843213272094726562e+01
4.168397140502929688e+01 -3.531162261962890625e+01
-1.151256942749023438e+01 -4.733339691162109375e+01
-1.867378616333007812e+01 -1.571311092376708984e+01
-3.454630279541015625e+01 -1.619731140136718750e+01
-5.773791670799255371e-01 6.156507110595703125e+01
4.605868148803710938e+01 4.737114429473876953e+00
-4.468452072143554688e+01 -7.912528991699218750e+00
4.011160850524902344e+00 -3.772949981689453125e+01
-5.998664855957031250e+00 -1.240182495117187500e+01
3.587141799926757812e+01 -2.547897100448608398e-01
4.182612609863281250e+01 -1.023347282409667969e+01
-1.546249771118164062e+01 -2.283597373962402344e+01
-3.774291992187500000e+01 -5.069222259521484375e+01
8.717016220092773438e+00 2.559509849548339844e+01
1.698911476135253906e+01 2.099274826049804688e+01
-1.258118152618408203e+01 -2.738058471679687500e+01
6.727636814117431641e+00 -3.523012161254882812e+01
6.047775268554687500e+01 1.009017276763916016e+01
3.413038635253906250e+01 1.471407651901245117e+00
-1.663972473144531250e+01 2.275074386596679688e+01
-1.899648666381835938e+01 -1.184091377258300781e+01
-2.046782302856445312e+01 4.266458892822265625e+01
6.008243179321289062e+01 7.900824069976806641e+00
2.410713434219360352e+00 -1.184015512466430664e+00
1.085930633544921875e+01 -4.781541824340820312e+01
-2.155151748657226562e+01 -4.171496582031250000e+01
1.879682731628417969e+01 -4.268118667602539062e+01
-3.665352630615234375e+01 -5.765937805175781250e+01
3.688465881347656250e+01 2.619444131851196289e+00
-6.954287528991699219e+00 -1.089065933227539062e+01
3.588496780395507812e+01 -1.803968101739883423e-01
2.916625213623046875e+01 2.125482368469238281e+01
-1.218874645233154297e+01 -2.622679901123046875e+01
1.922308921813964844e+01 -3.865717315673828125e+01
2.744018554687500000e+01 -3.265148925781250000e+01
2.906209468841552734e+00 1.506279563903808594e+01
-5.541668701171875000e+01 -6.714757919311523438e+00
7.315862178802490234e+00 1.041566181182861328e+01
6.055204772949218750e+01 -1.099956798553466797e+01
-2.516676902770996094e+01 -1.615001106262207031e+01
4.498962402343750000e+01 4.518294811248779297e+00
-2.724311637878417969e+01 5.701587295532226562e+01
2.255285453796386719e+01 1.506600761413574219e+01
5.797061538696289062e+01 -1.597785854339599609e+01
-6.113253402709960938e+01 1.944219589233398438e+00
-2.811654853820800781e+01 -2.628965568542480469e+01
-1.903595924377441406e+01 5.902932357788085938e+01
-5.447730255126953125e+01 6.720952987670898438e+00
5.115540313720703125e+01 -5.096675872802734375e+00
-4.073507785797119141e+00 5.443000411987304688e+01
-1.367155933380126953e+01 -4.284095764160156250e+01
-4.259745025634765625e+01 -4.868728637695312500e+01
3.852686405181884766e+00 -4.853401565551757812e+01
-6.237975597381591797e+00 -8.378861427307128906e+00
1.813070297241210938e+00 1.350106334686279297e+01
6.967468261718750000e+01 3.701767683029174805e+00
4.425954437255859375e+01 -4.222125053405761719e+00
4.566366195678710938e+01 5.025997638702392578e+00
-8.084452629089355469e+00 6.344744491577148438e+01
-2.742751884460449219e+01 2.340141677856445312e+01
9.682413935661315918e-01 -4.392298126220703125e+01
4.294491195678710938e+01 3.337961959838867188e+01
-3.020260429382324219e+01 2.168093681335449219e+01
-6.370912551879882812e+01 6.306031227111816406e+00
6.063027572631835938e+01 -4.322024822235107422e+00
6.884220123291015625e+01 -7.171449065208435059e-01
-1.439667415618896484e+01 5.230525588989257812e+01
-1.823604583740234375e+01 -4.627532958984375000e+01
1.450471973419189453e+01 -3.328935623168945312e+01
-1.743317604064941406e+01 -1.751878547668457031e+01
-2.818262481689453125e+01 -5.697254943847656250e+01
4.506592941284179688e+01 3.923395538330078125e+01
5.765092086791992188e+01 1.022038459777832031e+01
7.145301818847656250e+00 -3.798408126831054688e+01
-6.394748306274414062e+01 6.774562358856201172e+00
-9.441431045532226562e+00 4.512809753417968750e+01
-1.380385017395019531e+01 1.936590576171875000e+01
4.927692794799804688e+01 -3.253875350952148438e+01
4.073433303833007812e+01 -7.599291801452636719e+00
-2.933588027954101562e+01 -4.015285110473632812e+01
3.365705490112304688e+01 -5.171334743499755859e+00
-4.516997528076171875e+01 -1.421175670623779297e+01
8.318206787109375000e+00 4.683426284790039062e+01
5.821183395385742188e+01 5.422494888305664062e+00
-1.770610427856445312e+01 -6.056105041503906250e+01
-3.280090713500976562e+01 3.126322555541992188e+01
3.123141527175903320e+00 2.147384071350097656e+01
2.729998779296875000e+01 -2.046145057678222656e+01
4.138657379150390625e+01 4.846098899841308594e+00
-3.736228179931640625e+01 1.187543296813964844e+01
-2.130632209777832031e+01 -6.114492797851562500e+01
-3.540819549560546875e+01 3.586285352706909180e+00
3.758490753173828125e+01 -1.696230316162109375e+01
-1.397180747985839844e+01 5.736107254028320312e+01
-4.905101013183593750e+01 1.178155612945556641e+01
-5.301897048950195312e+00 6.245201873779296875e+01
6.066150665283203125e+01 -7.099791049957275391e+00
2.637926673889160156e+01 -3.781985473632812500e+01
4.029490661621093750e+01 3.050723075866699219e+00
-1.686883163452148438e+01 -4.468933105468750000e+01
3.918901443481445312e+01 -1.448171997070312500e+01
-3.155469000339508057e-01 6.027905273437500000e+01
-2.633775711059570312e+01 -5.969913864135742188e+01
-2.807886505126953125e+01 9.847102165222167969e+00
6.298925399780273438e+01 -1.218023777008056641e+01
-1.556383895874023438e+01 -2.332882881164550781e+00
2.266207313537597656e+01 1.992170333862304688e+01
-1.447068977355957031e+01 -2.794574165344238281e+01
5.309678268432617188e+01 8.756216049194335938e+00
5.793123626708984375e+01 1.041436100006103516e+01
-9.727924317121505737e-02 5.384207367897033691e-01
-8.283807754516601562e+00 2.178155517578125000e+01
-1.965319824218750000e+01 5.294165420532226562e+01
-1.420114612579345703e+01 4.907369995117187500e+01
-2.846091651916503906e+01 -2.052781486511230469e+01
1.224702239036560059e+00 5.885189437866210938e+01
2.229365539550781250e+01 -1.840373420715332031e+01
1.271678924560546875e+01 -2.835696220397949219e+01
3.266905212402343750e+01 3.851585388183593750e+01
-6.389582443237304688e+01 6.927349567413330078e+00
-5.280539321899414062e+01 -5.326510667800903320e-01
4.908867645263671875e+01 -1.725291824340820312e+01
4.786168670654296875e+01 -7.897764205932617188e+00
1.366375541687011719e+01 -1.549777412414550781e+01
-1.709679722785949707e+00 -5.865650653839111328e+00
5.246723556518554688e+01 3.300535202026367188e+01
-2.662790679931640625e+01 5.629528427124023438e+01
1.499868488311767578e+01 4.780946350097656250e+01
-3.050096321105957031e+01 -1.838790702819824219e+01
-1.762014198303222656e+01 -4.013864135742187500e+01
-5.695704650878906250e+01 4.584199905395507812e+00
-2.169867897033691406e+01 -6.967727541923522949e-01
4.676781845092773438e+01 3.105460852384567261e-02
-1.303332519531250000e+01 -7.517239570617675781e+00
6.162209510803222656e+00 1.476340866088867188e+01
2.292556762695312500e-01 5.979079818725585938e+01
-2.112640380859375000e+01 -1.320055198669433594e+01
3.685532379150390625e+01 4.748170852661132812e+00
4.053876113891601562e+01 2.737746047973632812e+01
-3.330248260498046875e+01 -1.163905620574951172e+01
5.909407615661621094e+00 -9.045086860656738281e+00
-5.234724044799804688e+01 1.810629844665527344e+01
1.124957680702209473e+00 3.493550491333007812e+01
-3.375513839721679688e+01 -1.725785970687866211e+00
3.669530105590820312e+01 -3.105514144897460938e+01
3.965486526489257812e+01 -3.541393280029296875e+01
2.454025650024414062e+01 -4.502060317993164062e+01
5.596956634521484375e+01 -1.986029434204101562e+01
2.929594612121582031e+01 -3.302538681030273438e+01
3.994320297241210938e+01 3.542004394531250000e+01
-4.610781860351562500e+01 -1.370615482330322266e+01
7.940914154052734375e+00 3.792131805419921875e+01
-5.302183151245117188e+01 5.947887420654296875e+00
-5.154955673217773438e+01 6.617646813392639160e-01
-1.582651138305664062e+01 -6.013883590698242188e+01
3.068508148193359375e+00 2.654701232910156250e+01
-2.356028175354003906e+01 3.768646240234375000e+01
1.710065841674804688e+01 -3.515391921997070312e+01
4.279960155487060547e+00 7.976208209991455078e+00
4.648873805999755859e+00 5.175061798095703125e+01
1.427097034454345703e+01 -3.323954391479492188e+01
9.429185867309570312e+00 -4.662442016601562500e+01
6.442366790771484375e+01 -1.089245891571044922e+01
-1.417393589019775391e+01 5.797536849975585938e+00
2.096806716918945312e+01 3.736493349075317383e+00
5.926521778106689453e+00 5.394029998779296875e+01
-2.423852348327636719e+01 2.334033584594726562e+01
4.880772018432617188e+01 -2.258916854858398438e+01
-2.267569923400878906e+01 5.236145782470703125e+01
1.400481104850769043e+00 2.241631889343261719e+01
5.549980926513671875e+01 -1.505301856994628906e+01
5.583311080932617188e+01 -1.422456455230712891e+01
1.088299512863159180e+00 7.159357547760009766e+00
-2.075253868103027344e+01 -2.307343006134033203e+00
-7.054163932800292969e+00 6.343407058715820312e+01
-3.222143554687500000e+01 -4.614605712890625000e+01
-2.581111431121826172e+00 4.867497634887695312e+01
-2.286800384521484375e+01 2.954236984252929688e+01
3.909191131591796875e+01 3.062522888183593750e+01
-3.317263424396514893e-01 1.289076614379882812e+01
-2.102722167968750000e+01 5.968635177612304688e+01
-3.089730262756347656e+01 1.785595130920410156e+01
-3.639081239700317383e+00 5.387948989868164062e+01
-3.065592002868652344e+01 2.578055572509765625e+01
2.104398345947265625e+01 1.405067920684814453e+01
-9.796012639999389648e-01 4.139153289794921875e+01
-4.375455093383789062e+01 -8.195242881774902344e+00
-6.049246978759765625e+01 5.560122966766357422e+00
1.442311954498291016e+01 -4.652736282348632812e+01
-3.472929382324218750e+01 9.411927223205566406e+00
-4.901554107666015625e+01 -7.802920341491699219e-01
-3.304338216781616211e+00 4.281399536132812500e+01
-5.058006668090820312e+01 8.976334571838378906e+00
-2.924704170227050781e+01 9.331328392028808594e+00
1.407160282135009766e+01 2.571262836456298828e+00
-6.313393020629882812e+01 6.620539665222167969e+00
-1.160192680358886719e+01 -4.771709823608398438e+01
1.197391510009765625e+01 -1.603817558288574219e+01
-2.043241119384765625e+01 -5.875960922241210938e+01
3.207324981689453125e+01 -3.284939575195312500e+01
-1.316858863830566406e+01 4.436074447631835938e+01
5.607379531860351562e+01 9.049790382385253906e+00
-3.509173965454101562e+01 9.822426795959472656e+00
1.481668853759765625e+01 -3.629032516479492188e+01
-5.993825912475585938e+01 8.357772827148437500e+00
-5.066763305664062500e+01 -1.269642162322998047e+01
2.921609497070312500e+01 2.286475372314453125e+01
-4.215134620666503906e+00 -1.611690711975097656e+01
3.346324920654296875e+00 -4.291959762573242188e+01
1.234922218322753906e+01 4.814389038085937500e+01
5.244161605834960938e+01 -2.872664833068847656e+01
2.575014305114746094e+01 -3.649623870849609375e+01
4.602047729492187500e+01 -1.719398307800292969e+01
5.501979827880859375e+01 -8.694203376770019531e+00
3.611282348632812500e+01 1.231944561004638672e+00
4.160993957519531250e+01 -2.570009994506835938e+01
4.314334106445312500e+01 -7.144825935363769531e+00
