3.632158639727600270e-07
1.381501072011143460e-05
6.334905874576997353e-05
3.105681209212015579e-05
8.772939412817496114e-05
1.668766838065029233e-04
2.027104685561355302e-04
-1.229857836969985071e-04
-1.140296149608381300e-03
-8.035716887921954751e-03
-2.813770197724369329e-02
-3.268180866604939588e-02
-2.708844111278079642e-02
-2.288683793109308126e-02
-1.996999474950005016e-02
-2.288926743486719914e-02
-2.793393817526614378e-02
-3.116688317964616192e-02
-2.212759023515832243e-02
-4.674427561642433178e-03
-3.589672912771454770e-05
4.455218338314296221e-04
3.495778770082779612e-04
4.211632708704373599e-04
3.252321209350130947e-04
2.610529062016527326e-04
1.003150407536845026e-04
5.840368071127111278e-05
8.185546646886485871e-06
4.281423982596628324e-05
1.582328294299074727e-04
2.055093893843630375e-04
4.510357162939219837e-04
5.685453674786855550e-04
3.844799201067345264e-04
-2.859964369959444260e-04
-5.630762746124433164e-03
-2.231053642062484979e-02
-4.938902321203696849e-02
-5.244271633814859973e-02
-5.166429217699251841e-02
-5.031090560062229794e-02
-4.980258586454305858e-02
-5.016750981982904395e-02
-4.904845571251303937e-02
-4.795695111750684914e-02
-4.040157085024318612e-02
-1.373717510563195361e-02
-4.416134728729416382e-04
1.645549304686911175e-03
1.798386075883638474e-03
2.132481897937955635e-03
1.941605027469498358e-03
1.204707728803391074e-03
5.175046939023094294e-04
1.931813988000416070e-04
2.896210837574037674e-05
1.893446422033865880e-04
4.842691034454501848e-04
7.683089669001055442e-04
9.563840276322928399e-04
5.039479483071962560e-04
1.551297576451442228e-03
8.191530264925497807e-04
-6.430106888965514585e-03
-2.405460419925603208e-02
-4.571073527684924032e-02
-4.489588751716748483e-02
-4.471783167083138999e-02
-4.688145875415514890e-02
-4.716152860179314427e-02
-4.405681857861989265e-02
-4.050853681103847720e-02
-3.953986751670118815e-02
-3.535453181042623461e-02
-1.348644773324591747e-02
1.077329871719642351e-03
5.065994510959624317e-03
3.726791818059962784e-03
3.973008861978218932e-03
4.097672777428889614e-03
2.940496627922924936e-03
1.505348711356782609e-03
4.066641549260657318e-04
8.619078548436808678e-05
4.775822362130456469e-04
7.661137265317486235e-04
1.156708833153729382e-03
9.552958666462597415e-04
1.469310331995754169e-03
4.914503131477337451e-03
4.399246536200238610e-03
-3.523615938942323972e-03
-2.504355416894860076e-02
-4.384205993013104430e-02
-4.305706434498682983e-02
-4.450959007868132006e-02
-4.464407365953983881e-02
-4.340131782501828461e-02
-4.030176872623260353e-02
-3.822947860693713673e-02
-3.583148377195998630e-02
-3.122580127690579091e-02
-1.130963984497577145e-02
6.931197097151910701e-03
1.115531990040809565e-02
8.671842081190969664e-03
6.831830342135994556e-03
6.801708888606693496e-03
5.158532015905841275e-03
2.905379613670663799e-03
6.338284769503083668e-04
2.533112414398891194e-04
8.708792767958895616e-04
1.508872566478509578e-03
2.186282676542449128e-03
1.912028206030991391e-03
4.621243575500665925e-03
1.088091358924087038e-02
8.739722407050074318e-03
-1.570429863878982160e-03
-2.566413488298393414e-02
-4.135886654718440303e-02
-4.106762341617532092e-02
-4.279107179237646302e-02
-4.302836269679618381e-02
-4.163714992998236719e-02
-3.687208110697572094e-02
-3.301563682008341882e-02
-2.945143727260982752e-02
-2.468406330592019110e-02
-6.239618669823468987e-03
1.476598814233090300e-02
2.092636056696045924e-02
1.660395467901374170e-02
1.176159590686207124e-02
1.118891147034002144e-02
9.011034469669922109e-03
5.632121130668210976e-03
1.382676875533835536e-03
5.153825575983227592e-04
1.590755856757740828e-03
2.807187759244350166e-03
3.752186890366154739e-03
4.222867751124763890e-03
9.938826077983400550e-03
1.667438868828620413e-02
1.215252752963465362e-02
8.404037205751422896e-04
-2.437058836215947114e-02
-3.749682535446127729e-02
-3.806142327598003444e-02
-4.027512617552105739e-02
-3.968656227477276172e-02
-3.681013919543411200e-02
-3.119125628108718531e-02
-2.535373327564474991e-02
-1.980479924831677827e-02
-1.499114433506929488e-02
1.408941110034353083e-03
2.328857875987798420e-02
3.107380616546658036e-02
2.793011166671810486e-02
1.984895086006332326e-02
1.834710051177557144e-02
1.635728314798172781e-02
1.006824448013830114e-02
2.331344603667957587e-03
6.515464711304904408e-04
2.379706020532293409e-03
4.621694253398766356e-03
6.256224561191964760e-03
7.725307699564751447e-03
1.606787829139366339e-02
2.121240209686030970e-02
1.523669022128683673e-02
3.663144627517415756e-03
-2.025563540986229094e-02
-3.240153808575708949e-02
-3.539117770201061219e-02
-3.808305594357062202e-02
-3.667252232799005779e-02
-3.327211213016596780e-02
-2.656358266596999668e-02
-1.840526946234561506e-02
-1.112719278462334128e-02
-3.157245583052685923e-03
1.172651737879756503e-02
3.202038082057692692e-02
4.025928212320897814e-02
3.936260692846876852e-02
2.990011159402244587e-02
2.682721288741712895e-02
2.486788451126057883e-02
1.507207430596176935e-02
3.081745270723138235e-03
9.971376163351063689e-04
3.558914766802746561e-03
6.462849021327690159e-03
7.953656608321518079e-03
1.159009363913857289e-02
2.167778586634563909e-02
2.463394250557335644e-02
1.746033424565199624e-02
6.379992147043741027e-03
-1.517526937836147227e-02
-2.850533381009827741e-02
-3.308010594976378005e-02
-3.525968661998771236e-02
-3.266119423605835792e-02
-2.650135043006434862e-02
-2.171141229095654296e-02
-1.123416262597402154e-02
-2.185210452739186782e-03
7.245269572336098148e-03
2.168983090357933657e-02
4.086597925486356447e-02
4.879597252481657210e-02
5.005334633424390195e-02
4.138344372987757397e-02
3.555682292253118520e-02
3.255675882046807357e-02
1.894344959585694127e-02
3.798995859605004254e-03
1.286262582862727523e-03
4.860205387237841873e-03
7.797554227186255862e-03
9.820689091457224240e-03
1.548824972708986655e-02
2.709743117877413260e-02
2.779236231808266192e-02
2.001830529155706334e-02
9.285503899083811380e-03
-1.093003638913759602e-02
-2.512028704548660216e-02
-3.088008485906630976e-02
-3.264389518761007247e-02
-2.719927840842584904e-02
-1.309616926422508404e-02
-1.502240240915053010e-02
-3.820926843594791341e-03
6.214656665027355059e-03
1.566620047831884105e-02
3.080355975085756481e-02
4.939009352036031336e-02
5.701314241719923626e-02
5.998090985308063977e-02
5.190824236371454486e-02
4.317659946283497474e-02
3.881305149961575274e-02
2.241028185793540739e-02
4.680898295980838973e-03
1.654242356828831235e-03
6.240217006090271676e-03
8.995131841558437480e-03
1.145461947853676152e-02
1.917193714389917036e-02
3.114975955382253206e-02
3.055597954442207734e-02
2.281294502681980099e-02
1.135058175368996135e-02
-6.587236657746035375e-03
-2.341445243077916460e-02
-2.919300372460141568e-02
-3.046657069663369355e-02
-2.044867970784030459e-02
9.278169526724105044e-04
-7.789593009464310450e-03
1.777222306548130373e-03
1.000535060256781648e-02
2.190364125035174428e-02
3.812199266759715849e-02
5.519297937493695960e-02
6.304627229548542822e-02
6.694391557883956623e-02
5.986679706867545359e-02
4.962958266743087293e-02
4.504545335489960889e-02
2.559861318370315608e-02
5.470007644545812377e-03
2.068189751111513489e-03
7.522355061256206371e-03
1.047615565988430607e-02
1.452119382662876018e-02
2.435387070635250742e-02
3.601122191572100201e-02
3.478279554532872492e-02
2.695543789754402744e-02
1.401446408735525923e-02
-2.100924696054197894e-03
-2.248428626668706742e-02
-2.689889782620224351e-02
-2.652848065239929096e-02
-1.050923976987081475e-02
1.268643982834298869e-02
-1.727911149368985440e-03
4.693359475090817627e-03
1.181003470439448769e-02
2.571714000309685208e-02
4.342058654755796832e-02
5.944200370516737608e-02
6.822598225404831462e-02
7.269227109002682208e-02
6.708906995464500311e-02
5.573809897659282031e-02
5.111272453274864208e-02
3.011855106869050849e-02
5.788594437247055607e-03
2.504484644336215423e-03
8.830204295154407343e-03
1.154618517923200124e-02
1.819989403893691390e-02
3.061574701471237933e-02
4.162402319014459062e-02
3.916264656305402242e-02
3.022134620512031272e-02
1.567736882402491483e-02
8.457205225447419605e-04
-2.149073035306513224e-02
-2.294692108827441415e-02
-2.062767400036397830e-02
-4.792165790275505440e-04
2.218452248005782848e-02
2.986053893959728089e-03
6.558940463720963621e-03
1.216770740743825310e-02
2.770607225367104770e-02
4.856351827783839115e-02
6.363039660254111995e-02
7.401023855422558806e-02
7.944279526233134769e-02
7.495886844964047557e-02
6.236331831232641565e-02
5.608112454864400825e-02
3.448878396434353760e-02
6.363031383524049220e-03
3.194906420078648477e-03
9.997271347340394576e-03
1.268588037824841183e-02
2.077015630286012382e-02
3.507928204994700816e-02
4.592963695006056779e-02
4.374389134791917266e-02
3.404881011721545142e-02
1.847771798897118387e-02
5.168491666214968493e-03
-1.958642132117566215e-02
-1.812676011843496540e-02
-1.300137388047855648e-02
8.932241973506558838e-03
2.972674421594084099e-02
6.974926236787317400e-03
7.609059904043050972e-03
1.289948057386059409e-02
2.707079377176572349e-02
5.258603013579776775e-02
6.799470912256125321e-02
8.042991570487519060e-02
8.544818685281851955e-02
8.157615477058620390e-02
6.726835456038264549e-02
5.922853330287822238e-02
3.961644765224520831e-02
7.398901498987271036e-03
3.672072286845876228e-03
1.096061978697305921e-02
1.385794335963877293e-02
2.274012108067459403e-02
3.802884139966120070e-02
4.843075132188683074e-02
4.706493170009374422e-02
3.835393905857854141e-02
2.232490333023897516e-02
8.278539687818079959e-03
-1.565484923006887907e-02
-1.135334493649023564e-02
-5.250799848559742876e-03
1.689369812399769272e-02
3.355637103271803118e-02
9.044313984560124406e-03
8.445426385232482000e-03
1.351285593842684561e-02
2.620149982570642647e-02
5.389104596757164634e-02
6.943921890452976753e-02
8.336776155412867206e-02
8.794120523308146531e-02
8.459205286989951444e-02
6.990634140888124515e-02
6.103239632054811153e-02
4.466360848754189622e-02
8.831173159414713522e-03
4.328793266781011395e-03
1.239459217217931189e-02
1.603519481426992840e-02
2.599817402520568713e-02
4.199944096434845425e-02
5.187474016818677952e-02
5.094333871366421573e-02
4.218340361929680954e-02
2.603716617685099266e-02
1.181127961006251531e-02
-9.161765961146034823e-03
-4.003766824927446413e-03
2.142638264400918788e-03
2.188870921274531020e-02
3.514474864347805899e-02
1.139658755051207485e-02
8.715946418875152035e-03
1.377093915403269399e-02
2.638331119387983537e-02
5.440902611846171882e-02
6.980653159900294946e-02
8.414817936298422951e-02
8.858864947624556230e-02
8.611190155573700267e-02
7.173716978681582424e-02
6.175808954427453729e-02
4.928572310831361158e-02
1.061124033242944777e-02
5.061087812847467858e-03
1.539826240025803962e-02
1.937920492109125939e-02
3.036613335184583373e-02
4.667159344024880002e-02
5.564403440946042584e-02
5.495304941490730677e-02
4.653541969600583778e-02
3.026448505390340327e-02
1.641491623643543535e-02
-1.365945591018729536e-03
1.871067545113925482e-03
6.465263851303998388e-03
2.370112239109611885e-02
3.601352648485375146e-02
1.372864781300307466e-02
8.842815246769818519e-03
1.439263334438577180e-02
2.718677149198931234e-02
5.350452716828019845e-02
6.874549464008923583e-02
8.422306348303279511e-02
8.856526448346722924e-02
8.635917051245230180e-02
7.309507211826338224e-02
6.182541186719010123e-02
5.248139220677911637e-02
1.197045225048569417e-02
6.270863636130409417e-03
1.979039280585932065e-02
2.360980385523371930e-02
3.498908295242839084e-02
5.203788379181310819e-02
6.047252503482582198e-02
6.047054913997319814e-02
5.105870404107298866e-02
3.609907297921868818e-02
2.252987796792858474e-02
5.616209194969573083e-03
5.294541896680241173e-03
8.855292176918735589e-03
2.623029792502301269e-02
3.774408142212951067e-02
1.688076194316280587e-02
9.545181682359240097e-03
1.549983818199370499e-02
2.689912213631759016e-02
5.239392585881126607e-02
6.713213918664218127e-02
8.314663997373585025e-02
8.812574901296382768e-02
8.658883611887353837e-02
7.405201079850386170e-02
6.189439791867999002e-02
5.426737872349533809e-02
1.315040494100094652e-02
7.074574518411236822e-03
2.317087858196220304e-02
2.936935222512928462e-02
4.179025830157790528e-02
5.922033276296170129e-02
6.738943196052121776e-02
6.721782856141715612e-02
5.678558575421856908e-02
4.312139730119889797e-02
2.892677559078172048e-02
9.367181208057438063e-03
6.466581682966494882e-03
1.024958620151932009e-02
2.896110153512183177e-02
3.932188538447432824e-02
2.022503391516814256e-02
1.005115106779057473e-02
1.465424212331268433e-02
2.579617174291085058e-02
5.144564970211056715e-02
6.531524046699711816e-02
8.172102906534969846e-02
8.744901449491508660e-02
8.641154254812280500e-02
7.433778258017915974e-02
6.173501287887377814e-02
5.415988150314463706e-02
1.309856499463362897e-02
7.701202118164799867e-03
2.798458613159332184e-02
3.521740209477287886e-02
4.703702599919153127e-02
6.414689475278351205e-02
7.182546311865739552e-02
7.124482729288002247e-02
5.979376068784302001e-02
4.769686113069016714e-02
3.242665181879653136e-02
1.118508588839377607e-02
7.544600970557660546e-03
1.079199225154867103e-02
3.064859434489511023e-02
4.017224243186515859e-02
2.147715612520299799e-02
9.360696390839660930e-03
1.290043031557599508e-02
2.459138503266369499e-02
5.046510000124407314e-02
6.278570156865015406e-02
7.938217618682136267e-02
8.671658357813084861e-02
8.572236191857106336e-02
7.357131140655108481e-02
6.073281861027449158e-02
5.280633737721494164e-02
1.253044663288801867e-02
8.643616864729260219e-03
2.980495313291203069e-02
3.879415603458905709e-02
5.129791114162166737e-02
6.757716391997506400e-02
7.493696258605440919e-02
7.369027576160551429e-02
6.123196320155462752e-02
4.947373141798551421e-02
3.364829870107430287e-02
1.156808586967492808e-02
6.436504365394952153e-03
9.551936788165430944e-03
3.023616827533508189e-02
3.950351528808174195e-02
2.141141564132212349e-02
7.009149437277416642e-03
9.266496073140378237e-03
2.136763015212854444e-02
4.712784261230260063e-02
5.808368010740600634e-02
7.578242733618777149e-02
8.446346603030525924e-02
8.402787555230067928e-02
7.222072202374497929e-02
5.922726926832851124e-02
5.025222479701498685e-02
1.174151770326812422e-02
9.182500718445122528e-03
2.970104748982679149e-02
3.892886000925351031e-02
5.217945011760447699e-02
6.846037915558936260e-02
7.589611093934102437e-02
7.477819065083377015e-02
6.091606799306401032e-02
4.984390284654362235e-02
3.389993537387694933e-02
1.040280377639644059e-02
4.232318964370630765e-03
7.098150281820466388e-03
2.680164326715241130e-02
3.580866133827948633e-02
1.736684423574915218e-02
1.755047205764000704e-03
2.972671440398340272e-03
1.485534777053791437e-02
4.060208153145427462e-02
5.199145846924394659e-02
7.025663932358523767e-02
8.041794142681374380e-02
8.010625922316570724e-02
6.865640566709833859e-02
5.507796150086064629e-02
4.467622082869010525e-02
1.087141343372258033e-02
8.080894991168267177e-03
2.611677981273968774e-02
3.521451357384654257e-02
4.914929187314634462e-02
6.500342719072046971e-02
7.251805994692012147e-02
7.096347926569451792e-02
5.620945141745645884e-02
4.662773936216372400e-02
3.094623584787068241e-02
6.950981003422436987e-03
-1.037497494076141833e-03
1.896902945068884268e-03
2.065119718195267823e-02
2.922667168299484391e-02
1.008935644405265647e-02
-6.603985665119501726e-03
-6.810000789550252516e-03
4.923946182819547053e-03
3.177948913065337805e-02
4.512434582939867794e-02
6.360366655512858514e-02
7.491470606010314226e-02
7.424742397654895965e-02
6.269253793884224657e-02
4.916029856988127916e-02
3.860440912829656707e-02
9.732310707316546572e-03
5.970215241575126293e-03
2.025233092148940109e-02
2.837529269137302468e-02
4.205477791371615981e-02
5.822295169903918960e-02
6.522170860495990485e-02
6.329129595373972350e-02
4.774927052329121235e-02
3.893645609290838361e-02
2.412405912185210458e-02
2.314144149375473925e-04
-9.884880051117043293e-03
-6.822589382973848378e-03
1.105381048126435721e-02
1.797663579050219618e-02
-1.122767553064298127e-03
-1.893323620155389075e-02
-1.954759433358389462e-02
-6.149625915149664092e-03
2.172996154435983054e-02
3.546633150548256230e-02
5.376782071828946352e-02
6.584711116480311544e-02
6.530335272149156989e-02
5.426922024338463879e-02
4.037912831416121812e-02
3.039566712601828383e-02
7.278523000455032130e-03
4.227194369297791222e-03
1.374044003416347720e-02
2.103869543684539975e-02
3.374965445101922590e-02
4.909100172208715612e-02
5.552658828615474051e-02
5.273123527711660874e-02
3.639618077930540513e-02
2.769485469568949004e-02
1.390767585144598271e-02
-9.296485768335513433e-03
-2.145871885251524058e-02
-1.904181049081359739e-02
-2.246201364396645857e-03
4.799941072550307185e-03
-1.372271887458648663e-02
-3.157153134353180707e-02
-3.106522869383216562e-02
-1.582378087106644377e-02
1.110808040022422290e-02
2.358957527025437248e-02
4.163854418265064417e-02
5.481372887540818251e-02
5.427200363140084749e-02
4.378187722071470028e-02
3.051759961719823985e-02
2.137403742374919396e-02
4.640610291319901236e-03
2.077390823018482064e-03
7.791396207741455027e-03
1.428064310272255874e-02
2.597143380901035387e-02
3.994706887641297222e-02
4.634314918714057402e-02
4.249751959583888267e-02
2.531584453359760067e-02
1.571223943910407539e-02
2.491974224428580419e-03
-1.984410530758228680e-02
-3.311770520782840455e-02
-3.109390329350408821e-02
-1.437673988784992848e-02
-7.266339690699221039e-03
-2.434388467193823735e-02
-4.094347285017630594e-02
-4.006609590884167155e-02
-2.331620113901889876e-02
1.420091039037601121e-03
1.382531085516877298e-02
3.169972805144579547e-02
4.547518032226761237e-02
4.508786099762974314e-02
3.515313404280599741e-02
2.249298132009127510e-02
1.379844367178575254e-02
2.812289877478052393e-03
6.395122129724950663e-04
3.908493264052368375e-03
8.906784027672753901e-03
1.885944723996245756e-02
3.200428328149648033e-02
3.832780553392335643e-02
3.283183904756252491e-02
1.442840878877287188e-02
2.828450617684134024e-03
-9.577654991377575200e-03
-3.074946194558323548e-02
-4.491575642023566683e-02
-4.245900829138934962e-02
-2.685584896571133195e-02
-1.883863745360411443e-02
-3.337465455665653696e-02
-4.913281498609557013e-02
-4.814076617810108399e-02
-3.053081129943566521e-02
-8.246395939960802016e-03
3.951405751553295140e-03
2.164385270947672205e-02
3.659025991770122749e-02
3.653318126368423902e-02
2.610787667341824339e-02
1.459523392884636353e-02
7.986507614308408290e-03
1.569106552003930862e-03
1.679396149329867799e-04
1.291467137599361078e-03
4.288618328160235214e-03
1.290549498265841991e-02
2.540244219337208301e-02
3.166140417072805385e-02
2.559793522554006454e-02
6.045349714279153394e-03
-7.864960710543966380e-03
-2.157303791089020331e-02
-4.277855486495717174e-02
-5.884895807644428128e-02
-5.796212665906796957e-02
-4.222495606819036407e-02
-3.346347412294864432e-02
-4.774682634791763136e-02
-6.285425825977028480e-02
-6.063040960521663691e-02
-4.236759391281413184e-02
-1.983084989891237271e-02
-6.628402374751313567e-03
1.287933606605626106e-02
2.837833040520336761e-02
2.826200006825931380e-02
1.849077354849646207e-02
8.101252900568766888e-03
3.444258782363633468e-03
5.387239528812205009e-04
1.875967786877054663e-05
2.159387796147060900e-04
8.624726199315185327e-04
3.889031085901704845e-03
1.003335552569962520e-02
1.397957357631824347e-02
1.067803463077808372e-02
2.542093935991578992e-03
-3.543688339900722718e-03
-1.076896907027840265e-02
-2.523157423367200849e-02
-4.079795666086992456e-02
-4.061810281179536325e-02
-2.883759872245867523e-02
-2.480111698865425721e-02
-3.210901056110793822e-02
-4.337819361393951273e-02
-4.012307191416141644e-02
-2.411321024621947487e-02
-1.022984121564573731e-02
-3.637020067076415092e-03
4.566733984761753816e-03
1.268449259056898468e-02
1.255484143244538393e-02
6.627514269402384230e-03
2.120176770827801420e-03
5.436208538766466652e-04
5.560634819916382031e-05
