1.568627450980392090e-06
4.039215686274509902e-05
2.043137254901958798e-04
3.019607843137252288e-04
8.180392156862738599e-04
1.369411764705881149e-03
3.241960784313724104e-03
9.102745098039299529e-03
2.140313725490195634e-02
5.632745098039208809e-02
1.318650980392155059e-01
1.818486274509794054e-01
2.066882352941172840e-01
1.998411764705869398e-01
1.989133333333324982e-01
2.108756862745092275e-01
2.026199999999988288e-01
1.606168627450974273e-01
1.029090196078428499e-01
4.069215686274496591e-02
1.624431372549021979e-02
7.925882352941249556e-03
4.412156862745138762e-03
3.024313725490193790e-03
1.775686274509802537e-03
9.643137254901959759e-04
2.647058823529410991e-04
1.329411764705881965e-04
3.254901960784312989e-05
1.270588235294117265e-04
4.921568627450977973e-04
1.187058823529410848e-03
2.823921568627450751e-03
7.754117647058886981e-03
2.791254901960769572e-02
6.751960784313687514e-02
1.245474509803917440e-01
2.095086274509802837e-01
3.186921568627472112e-01
3.953803921568685986e-01
4.443752941176580817e-01
4.364764705882451246e-01
4.274003921568728659e-01
4.477560784313842079e-01
4.353627450980487312e-01
3.619737254902009038e-01
2.840768627450991346e-01
1.767250980392148785e-01
1.028572549019603211e-01
5.297803921568593893e-02
2.426431372549012894e-02
1.301176470588236850e-02
8.522352941176493044e-03
4.456862745098049035e-03
1.698039215686274108e-03
4.952941176470588344e-04
1.415686274509803707e-04
5.874509803921566667e-04
1.561176470588234886e-03
3.293333333333332141e-03
8.372941176470648922e-03
3.499372549019606760e-02
8.990352941176436852e-02
1.369537254901959378e-01
1.951023529411758106e-01
2.838545098039234049e-01
3.729388235294172071e-01
4.003317647058884932e-01
4.166321568627535110e-01
4.203890196078526320e-01
4.233070588235395282e-01
4.256215686274616994e-01
4.151603921568716160e-01
3.998870588235352574e-01
3.540513725490229135e-01
2.567258823529415812e-01
1.770282352941172921e-01
1.272078431372543617e-01
7.431019607843129815e-02
3.299725490196069033e-02
1.763058823529410277e-02
1.028156862745100743e-02
4.510980392156867247e-03
1.229411764705881649e-03
2.231372549019606925e-04
1.350980392156862428e-03
2.374509803921567679e-03
6.027450980392205088e-03
2.256941176470590726e-02
7.479372549019595862e-02
1.370996078431370446e-01
1.925756862745092723e-01
2.537639215686288696e-01
3.339729411764746358e-01
3.931470588235361774e-01
4.027392156862818484e-01
4.128341176470672336e-01
4.166188235294200348e-01
4.191909803921667899e-01
4.219913725490289091e-01
4.192172549019699268e-01
4.140070588235366666e-01
3.966435294117703347e-01
3.251898039215710967e-01
2.466000000000004022e-01
1.857176470588226547e-01
1.280682352941174551e-01
6.764666666666650785e-02
3.216509803921557831e-02
1.741058823529410132e-02
8.618039215686304835e-03
1.885490196078430701e-03
6.972549019607841804e-04
2.259607843137253873e-03
4.659607843137272311e-03
1.214549019607847301e-02
4.368156862745085217e-02
1.113341176470588195e-01
1.856807843137250891e-01
2.365662745098047193e-01
2.810674509803955390e-01
3.519666666666717569e-01
3.996341176470666334e-01
4.036725490196149679e-01
4.101866666666759698e-01
4.156643137254996123e-01
4.239050980392246593e-01
4.295913725490290713e-01
4.313862745098130946e-01
4.283996078431459020e-01
4.172407843137320715e-01
3.624905882352987274e-01
2.942470588235318596e-01
2.434752941176476781e-01
1.795745098039205623e-01
1.053364705882349206e-01
5.567843137254891578e-02
2.991764705882350370e-02
1.611450980392159157e-02
3.718039215686275937e-03
1.424313725490196098e-03
4.105490196078436307e-03
8.700000000000025421e-03
2.158392156862745312e-02
6.694745098039207865e-02
1.473807843137251994e-01
2.186188235294118931e-01
2.606090196078443832e-01
3.022490196078466140e-01
3.688525490196128409e-01
4.058835294117712489e-01
4.069062745098108169e-01
4.103427450980466351e-01
4.190000000000092539e-01
4.334047058823636833e-01
4.392705882353038493e-01
4.463729411764806865e-01
4.513854901960893673e-01
4.425094117647153102e-01
3.965533333333379207e-01
3.309384313725521887e-01
2.867254901960804014e-01
2.285321568627443345e-01
1.473749019607837885e-01
8.540745098039195793e-02
5.184196078431358573e-02
2.728627450980391014e-02
6.272941176470612189e-03
1.809411764705881869e-03
6.259215686274523585e-03
1.406392156862746982e-02
3.370078431372542510e-02
9.047960784313729965e-02
1.763356862745092124e-01
2.425094117647071112e-01
2.840490196078453988e-01
3.186580392156903585e-01
3.761168627451025315e-01
4.078866666666726704e-01
4.125533333333404884e-01
4.161792156862812453e-01
4.293454901960865877e-01
4.469980392156963633e-01
4.589368627451089200e-01
4.693364705882480670e-01
4.748262745098153492e-01
4.645082352941266590e-01
4.261792156862814207e-01
3.678400000000059400e-01
3.240364705882395890e-01
2.693031372549025693e-01
1.859713725490186875e-01
1.174811764705879363e-01
7.922823529411755772e-02
4.095411764705871038e-02
8.011764705882377935e-03
2.787843137254899639e-03
9.567843137254920458e-03
1.977098039215688385e-02
4.471803921568629631e-02
1.085670588235290307e-01
1.980419607843127427e-01
2.624211764705898786e-01
3.034454901960821349e-01
3.298462745098089122e-01
3.778721568627493865e-01
4.104200000000060577e-01
4.196400000000079511e-01
4.230854901960866554e-01
4.379933333333416168e-01
4.569172549019706042e-01
4.792043137255019292e-01
4.936313725490320548e-01
4.978929411764865254e-01
4.853776470588369030e-01
4.496525490196168207e-01
4.003282352941235356e-01
3.606172549019655560e-01
3.079729411764741687e-01
2.253874509803913129e-01
1.509450980392147423e-01
1.076647058823526348e-01
5.480117647058808938e-02
1.037803921568630598e-02
3.669411764705881544e-03
1.300078431372549831e-02
2.565725490196077777e-02
5.543019607843143598e-02
1.233113725490190549e-01
2.139631372549017641e-01
2.741537254901986187e-01
3.202607843137306176e-01
3.404411764705937427e-01
3.812670588235338442e-01
4.161678431372605735e-01
4.264701960784397783e-01
4.329894117647147267e-01
4.461172549019687961e-01
4.581411764705966561e-01
5.097619607843291156e-01
5.292760784313906841e-01
5.279239215686425402e-01
5.038933333333482922e-01
4.702298039215794256e-01
4.325317647058929404e-01
3.935003921568702712e-01
3.401007843137291986e-01
2.606690196078434441e-01
1.817156862745085977e-01
1.340956862745095457e-01
7.090588235294083275e-02
1.405725490196082020e-02
4.758039215686286037e-03
1.681960784313725130e-02
3.039098039215685360e-02
6.362274509803915457e-02
1.340203921568625944e-01
2.246482352941179539e-01
2.811384313725515116e-01
3.292501960784361970e-01
3.495254901960845872e-01
3.828627450980431890e-01
4.221243137254972466e-01
4.366007843137343913e-01
4.487784313725594054e-01
4.645976470588332741e-01
4.738933333333428255e-01
5.521431372549197025e-01
5.686427450980611198e-01
5.631968627451197085e-01
5.251870588235476589e-01
4.850043137255044545e-01
4.562490196078572979e-01
4.157047058823624130e-01
3.646607843137302796e-01
2.917662745098052457e-01
2.133984313725480197e-01
1.663341176470580496e-01
8.965999999999968439e-02
1.892588235294119861e-02
5.851372549019621949e-03
2.027019607843134896e-02
3.302078431372548056e-02
6.687019607843121272e-02
1.384152941176466090e-01
2.295619607843138454e-01
2.822878431372577990e-01
3.305819607843200614e-01
3.559996078431418298e-01
3.868603921568665172e-01
4.361168627451053048e-01
4.545231372549120574e-01
4.786513725490305626e-01
4.993047058823659179e-01
5.063643137255036120e-01
5.866321568627705929e-01
5.899517647059084879e-01
5.863635294117877095e-01
5.495121568627657771e-01
4.975156862745246378e-01
4.673266666666816560e-01
4.300823529411888502e-01
3.848180392156914653e-01
3.174435294117674000e-01
2.395525490196065699e-01
1.990462745098033337e-01
1.148207843137253187e-01
2.237686274509805701e-02
7.106274509803963899e-03
2.337333333333330501e-02
3.321098039215678727e-02
6.484392156862732459e-02
1.369862745098036350e-01
2.270341176470587474e-01
2.754549019607863136e-01
3.280235294117688771e-01
3.599517647058870229e-01
3.978180392156916434e-01
4.651749019607936408e-01
4.899431372549151176e-01
5.200274509804119205e-01
5.271321568627634901e-01
5.257890196078616185e-01
5.974564705882641213e-01
6.005588235294413435e-01
6.005788235294421407e-01
5.736623529412019362e-01
5.181086274509966172e-01
4.858337254902114211e-01
4.442901960784431115e-01
4.036137254902025240e-01
3.370509803921595271e-01
2.569599999999999662e-01
2.173372549019601252e-01
1.385925490196072418e-01
2.602039215686280729e-02
8.841960784313771318e-03
2.562745098039205180e-02
3.570980392156844485e-02
6.786862745098003191e-02
1.405094117647048280e-01
2.265133333333327892e-01
2.749058823529437201e-01
3.300176470588279676e-01
3.750066666666697079e-01
4.304768627451038832e-01
5.048913725490329352e-01
5.237294117647245395e-01
5.488592156862943661e-01
5.417564705882533804e-01
5.373152941176685404e-01
6.041819607843423867e-01
6.097266666667006119e-01
6.094886274510115109e-01
5.890470588235579008e-01
5.355807843137472268e-01
5.058105882353133298e-01
4.641121568627592509e-01
4.209513725490282021e-01
3.541007843137294331e-01
2.671423529411767195e-01
2.275682352941178488e-01
1.619325490196076855e-01
3.162862745098042605e-02
1.007607843137257701e-02
2.975019607843128883e-02
4.137882352941156527e-02
7.564235294117606367e-02
1.533576470588222107e-01
2.414666666666668016e-01
2.958713725490214608e-01
3.515474509803955816e-01
3.973215686274536584e-01
4.586039215686354420e-01
5.256380392157050663e-01
5.466686274510037524e-01
5.706937254902191281e-01
5.563054901960992060e-01
5.440000000000219105e-01
6.068949019608164130e-01
6.165000000000345759e-01
6.144011764706212020e-01
5.975156862745389930e-01
5.349007843137446594e-01
5.043027450980563930e-01
4.700737254902105366e-01
4.280141176470688147e-01
3.640301960784345647e-01
2.762968627450992920e-01
2.323788235294121096e-01
1.800741176470583016e-01
3.906784313725487207e-02
1.394078431372552072e-02
4.431411764705864287e-02
5.978078431372536167e-02
9.898509803921526351e-02
1.843101960784302440e-01
2.765752941176483071e-01
3.241686274509834043e-01
3.675725490196118939e-01
4.078152941176501067e-01
4.816988235294218379e-01
5.464529411764911249e-01
5.707196078431626685e-01
5.882403921568906124e-01
5.663737254902216911e-01
5.478717647059051510e-01
6.064584313725793763e-01
6.201713725490549667e-01
6.191588235294473996e-01
6.045996078431684628e-01
5.338847058823742442e-01
4.946592156862914536e-01
4.668262745098167299e-01
4.290666666666755891e-01
3.704533333333385192e-01
2.823643137254913116e-01
2.343364705882351740e-01
1.955043137254903196e-01
4.753411764705890025e-02
2.340980392156862336e-02
7.097529411764677554e-02
8.587176470588205046e-02
1.275203921568620336e-01
2.170823529411758379e-01
3.003980392156880286e-01
3.409278431372578244e-01
3.779929411764748615e-01
4.209858823529456506e-01
5.072317647058953716e-01
5.699694117647292613e-01
5.931243137255206577e-01
6.024239215686583160e-01
5.748023529412041865e-01
5.526952941176723755e-01
6.078478431372870139e-01
6.260941176470948832e-01
6.254972549019973682e-01
6.121952941176790342e-01
5.382392156862951804e-01
4.889749019607984581e-01
4.694003921568757343e-01
4.331603921568733528e-01
3.763956862745154730e-01
2.908741176470607259e-01
2.384729411764710261e-01
2.065588235294112673e-01
5.489882352941176380e-02
3.390941176470582685e-02
9.245019607843123211e-02
1.051670588235291970e-01
1.497760784313720284e-01
2.432313725490187206e-01
3.203729411764720258e-01
3.621121568627483356e-01
3.910200000000041420e-01
4.407949019607888541e-01
5.343976470588419625e-01
5.929803921568900238e-01
6.123858823529758633e-01
6.121721568627768173e-01
5.812803921568903132e-01
5.624643137255161962e-01
6.126945098039529025e-01
6.358643137255265421e-01
6.341521568627835892e-01
6.181250980392499761e-01
5.421070588235491483e-01
4.811866666666784753e-01
4.625792156862880145e-01
4.293850980392249772e-01
3.769694117647101050e-01
2.958517647058841460e-01
2.393019607843135388e-01
2.103349019607843318e-01
5.875607843137278102e-02
3.648352941176467856e-02
9.970901960784278595e-02
1.201466666666664018e-01
1.694396078431369135e-01
2.636752941176462861e-01
3.366909803921589450e-01
3.788537254901994666e-01
4.017458823529453937e-01
4.568678431372605875e-01
5.518996078431565033e-01
6.043960784314021950e-01
6.203286274510154685e-01
6.190470588235623683e-01
5.811639215686532633e-01
5.627764705882630780e-01
6.110007843137565953e-01
6.364556862745459620e-01
6.277976470588584323e-01
6.047698039215982924e-01
5.289937254902149499e-01
4.567545098039309526e-01
4.417254901960890323e-01
4.149407843137324359e-01
3.668180392156900060e-01
2.888207843137268749e-01
2.300737254901951134e-01
2.003521568627446292e-01
5.527490196078435614e-02
3.004705882352950649e-02
9.866392156862689722e-02
1.255494117647054375e-01
1.733356862745092375e-01
2.660705882352943363e-01
3.360223529411790477e-01
3.780133333333377532e-01
3.975572549019639745e-01
4.615549019607901871e-01
5.494192156862932608e-01
5.985913725490475956e-01
6.135537254902282411e-01
6.116756862745410528e-01
5.687290196078672588e-01
5.501898039215930014e-01
5.930623529412050177e-01
6.205619607843483321e-01
6.094552941176806238e-01
5.818831372549292391e-01
5.081509803921718804e-01
4.353533333333390321e-01
4.213415686274586958e-01
4.020482352941238124e-01
3.545294117647092569e-01
2.763513725490208683e-01
2.168274509803913563e-01
1.858215686274507228e-01
5.089058823529423597e-02
2.730823529411768522e-02
9.006117647058811682e-02
1.214901960784310897e-01
1.734105882352936778e-01
2.638094117647063475e-01
3.296878431372570750e-01
3.694062745098065093e-01
3.867396078431387663e-01
4.561141176470638881e-01
5.379349019608020699e-01
5.864858823529665033e-01
6.027501960784614754e-01
6.008396078431672560e-01
5.582803921568864070e-01
5.398768627451210333e-01
5.802662745098300379e-01
6.078756862745422485e-01
5.943933333333628610e-01
5.616505882353185486e-01
4.909341176470704560e-01
4.130113725490233145e-01
4.010101960784366315e-01
3.857349019607882457e-01
3.405678431372580750e-01
2.628376470588237868e-01
2.039807843137246279e-01
1.658866666666665990e-01
4.111843137254913433e-02
2.702980392156865280e-02
8.419254901960764037e-02
1.123611764705880478e-01
1.640745098039216032e-01
2.543003921568633974e-01
3.195203921568655070e-01
3.603086274509830211e-01
3.758388235294141677e-01
4.494647058823609820e-01
5.252372549019781456e-01
5.723160784313968685e-01
5.876458823529702169e-01
5.843345098039482988e-01
5.396415686274719237e-01
5.171050980392353225e-01
5.557141176470802302e-01
5.778941176470853147e-01
5.639392156862994554e-01
5.257913725490366286e-01
4.592062745098122734e-01
3.826407843137294984e-01
3.710058823529450156e-01
3.593596078431410823e-01
3.163231372549049625e-01
2.399447058823538093e-01
1.781043137254892661e-01
1.338466666666666416e-01
3.193725490196087230e-02
2.270274509803926061e-02
7.293490196078422638e-02
1.004949019607842553e-01
1.528827450980390079e-01
2.406317647058823783e-01
3.031290196078455512e-01
3.392454901960806901e-01
3.486117647058853408e-01
4.307462745098101786e-01
5.006356862745249270e-01
5.476584313725723074e-01
5.649803921568926635e-01
5.580976470588502325e-01
5.142454901960968883e-01
4.913980392157037413e-01
5.239298039215886105e-01
5.441188235294375231e-01
5.266941176470810726e-01
4.830501960784446269e-01
4.231525490196146322e-01
3.485905882352971497e-01
3.365243137254937955e-01
3.301784313725529829e-01
2.878270588235322114e-01
2.118164705882350507e-01
1.509945098039210676e-01
1.094462745098037926e-01
2.673019607843144657e-02
1.768000000000003943e-02
5.925647058823518831e-02
8.375372549019592661e-02
1.351168627450977378e-01
2.213901960784315226e-01
2.824980392156886677e-01
3.142400000000029614e-01
3.210345098039232847e-01
4.082556862745158610e-01
4.730678431372661863e-01
5.194505882353133153e-01
5.389690196078674722e-01
5.322811764706115722e-01
4.898082352941343642e-01
4.616062745098176712e-01
4.865913725490342845e-01
5.046250980392343877e-01
4.871105882353098382e-01
4.442749019607937222e-01
3.929949019607890670e-01
3.191050980392162173e-01
3.034886274509820958e-01
3.018168627451010555e-01
2.595780392156877281e-01
1.861137254901957805e-01
1.249972549019607027e-01
8.567607843137246826e-02
1.927607843137259941e-02
1.395529411764709696e-02
4.394470588235292741e-02
6.665843137254887085e-02
1.156760784313724394e-01
1.987541176470591364e-01
2.568243137254911379e-01
2.830345098039239171e-01
2.881635294117660950e-01
3.760643137254950918e-01
4.374784313725581519e-01
4.832360784313888824e-01
5.067419607843338669e-01
4.988125490196261835e-01
4.552474509804049219e-01
4.246509803921670878e-01
4.462717647058928594e-01
4.647023529411895559e-01
4.508494117647190436e-01
4.099556862745170061e-01
3.610709803921612338e-01
2.854427450980399072e-01
2.681517647058829223e-01
2.697560784313735582e-01
2.287898039215685575e-01
1.585533333333327410e-01
9.845725490196065299e-02
6.225647058823521179e-02
1.266784313725492946e-02
8.026666666666694080e-03
2.793921568627451280e-02
4.931529411764708215e-02
9.631254901960770165e-02
1.748831372549015106e-01
2.303992156862744167e-01
2.530152941176482817e-01
2.553858823529410738e-01
3.389415686274538375e-01
3.961023529411822897e-01
4.411525490196191446e-01
4.685925490196244936e-01
4.607407843137389380e-01
4.190098039215781611e-01
3.876835294117718655e-01
4.071694117647146061e-01
4.290584313725597787e-01
4.174827450980489463e-01
3.778278431372595891e-01
3.267145098039254680e-01
2.535890196078442460e-01
2.361254901960792851e-01
2.422074509803928410e-01
2.035603921568620023e-01
1.347435294117641513e-01
7.638274509803910650e-02
4.258156862745095944e-02
8.205098039215708017e-03
3.205098039215681024e-03
1.585529411764705771e-02
3.319450980392155831e-02
7.469176470588215211e-02
1.503517647058820184e-01
2.055749019607839845e-01
2.215564705882353269e-01
2.182286274509803725e-01
2.910329411764722152e-01
3.467172549019650885e-01
3.904603921568686742e-01
4.195058823529499992e-01
4.114007843137331144e-01
3.711184313725556794e-01
3.425662745098089768e-01
3.606105882352999559e-01
3.857596078431441700e-01
3.782713725490260970e-01
3.391976470588279891e-01
2.891341176470605401e-01
2.196960784313724546e-01
2.046070588235286702e-01
2.148592156862740854e-01
1.763439215686271877e-01
1.070482352941173054e-01
5.289176470588230483e-02
2.635725490196078394e-02
4.837254901960786474e-03
9.682352941176468114e-04
5.397254901960790545e-03
1.721529411764706127e-02
5.434784313725490174e-02
1.256137254901957823e-01
1.786592156862745473e-01
1.918901960784315519e-01
1.828498039215681603e-01
2.376901960784323364e-01
3.029101960784331693e-01
3.559592156862784740e-01
3.912172549019664602e-01
3.844435294117704016e-01
3.433890196078477897e-01
3.140698039215714110e-01
3.367576470588272697e-01
3.648913725490238180e-01
3.552941176470627016e-01
3.092513725490217968e-01
2.429807843137261059e-01
1.800870588235293224e-01
1.741705882352941603e-01
1.865450980392149849e-01
1.491835294117645483e-01
8.481921568627447117e-02
3.346392156862742356e-02
1.265647058823531589e-02
1.807450980392156072e-03
1.239215686274509334e-04
8.431372549019606382e-04
3.483137254901960515e-03
1.712196078431376875e-02
5.034078431372556589e-02
8.116039215686245145e-02
8.175333333333334451e-02
6.640549019607837333e-02
8.710078431372542118e-02
1.209258823529405641e-01
1.658988235294112379e-01
2.054831372549011104e-01
2.075666666666662885e-01
1.808094117647051358e-01
1.675376470588227085e-01
1.784905882352933182e-01
1.970917647058817446e-01
1.808203921568627137e-01
1.345913725490195112e-01
9.047803921568602081e-02
6.443921568627432317e-02
7.008078431372538608e-02
8.964705882352920485e-02
6.976549019607815316e-02
3.275882352941171527e-02
9.967058823529438213e-03
2.468627450980389899e-03
2.572549019607842189e-04
